new stimulus
new stimulus
new stimulus
877786995.504138, 55
877787499.374141, 55
877787533.130003, 55
877787560.743795, 55
877795827.017506, 55
877796328.404881, 55
877796358.818947, 55
877796392.084885, 55
877796422.223473, 55
877796454.272372, 55
877796483.404759, 55
877796515.000355, 55
877796549.56434, 55
877796575.790479, 55
877796624.43656, 55
877796655.243174, 55
877796686.236215, 55
877796717.275861, 55
877796748.239495, 55
877796779.370135, 55
new stimulus
877834404.021696, 50
877834906.730143, 50
new stimulus
new stimulus
877895438.746862, 50
new stimulus
877939017.790641, 55
877939518.501112, 55
new stimulus
877963635.26175, 55
877964134.938279, 55
877964166.328307, 55
877964197.117998, 55
877964227.963729, 55
877964260.367725, 55
877964290.191719, 55
877964321.425281, 55
877964352.660509, 55
new stimulus
new stimulus
878034234.423167, 55
new stimulus
878071964.853988, 55
878072475.608436, 55
878072506.066056, 55
878072537.135664, 55
878072568.315685, 55
878072599.485996, 55
878072630.891282, 55
878072661.851864, 55
new stimulus
878101148.86502, 55
878101647.079548, 55
878101677.931104, 55
878101708.767679, 55
new stimulus
878142515.974375, 55
878143017.618086, 55
878143048.458545, 55
new stimulus
878170878.179505, 55
878171378.236377, 55
878171408.816339, 55
878171439.937269, 55
878171471.060974, 55
878171502.271789, 55
new stimulus
878216996.247345, 55
878217506.801773, 55
new stimulus
878247165.898306, 55
new stimulus
878285399.29835, 55
878285896.143257, 55
878285926.962632, 55
878285958.107421, 55
878285989.10379, 55
