new stimulus
new stimulus
32264644.708913, 55
32265138.020966, 55
32265167.271769, 55
32265200.934134, 55
32265231.296844, 55
32265270.34896, 55
32265298.091975, 55
32265331.196722, 55
32265364.128358, 55
32265397.120749, 55
new stimulus
32311360.359028, 50
32311856.34626, 50
32311890.777915, 50
32311919.469991, 50
32311954.165752, 50
32311987.439726, 50
new stimulus
32336096.709527, 55
32336593.451901, 55
32336625.574297, 55
32336657.756617, 55
32336690.744292, 55
new stimulus
32379298.614638, 55
32379804.693921, 55
32379835.059405, 55
32379867.734426, 55
new stimulus
32414075.788869, 50
32414586.922501, 50
32414616.227124, 50
new stimulus
32447062.388563, 50
32447571.984445, 50
32447602.929186, 50
32447634.488138, 50
32447665.277523, 50
new stimulus
32473910.119765, 55
32474408.158254, 55
32474440.662106, 55
32474473.626755, 55
32474506.294007, 55
32491423.909156, 55
32491925.910893, 55
32491955.397782, 55
32492002.206335, 55
new stimulus
new stimulus
32546262.81557, 55
32546758.821667, 55
32546791.242569, 55
32546824.142024, 55
new stimulus
32585667.597324, 55
32586164.020386, 55
32586196.394126, 55
32586229.393453, 55
new stimulus
32617761.954037, 55
32618260.896089, 55
32618291.305683, 55
32618322.57362, 55
32618353.800776, 55
32618384.523301, 55
32618415.78569, 55
32618462.646121, 55
32618493.58032, 55
32618524.930096, 55
32618556.072916, 55
32618587.507306, 55
32618618.459537, 55
32618650.250414, 55
new stimulus
32657988.983579, 55
32658486.98739, 55
32658519.984775, 55
new stimulus
32690941.581343, 55
32691433.740708, 55
32691466.391316, 55
32691499.307416, 55
32691532.82025, 55
32691565.117145, 55
new stimulus
32725134.024705, 55
32725630.943242, 55
32725663.588578, 55
32725697.235408, 55
32725729.921803, 55
32725762.129922, 55
32725794.924234, 55
32725827.798166, 55
32725860.93343, 55
32725895.882754, 55
32725927.064691, 55
32725959.979404, 55
32725993.393753, 55
32726041.784443, 55
32726072.371587, 55
32726103.575717, 55
32726136.124511, 55
32738045.270526, 55
32738542.710893, 55
32738575.111544, 55
new stimulus
32762308.528585, 50
32771312.659118, 50
new stimulus
32787375.862469, 55
