new stimulus
new stimulus
31593803.934895, 55
31594290.657348, 55
31594319.919802, 55
31594353.543328, 55
31607761.06268, 55
new stimulus
new stimulus
31665749.120226, 55
31666235.693702, 55
31666279.953581, 55
31666309.970623, 55
31666339.505229, 55
31666373.016954, 55
31666403.097248, 55
31666434.294442, 55
new stimulus
31716131.532625, 50
new stimulus
31739924.12069, 50
31740437.077538, 50
31740467.784251, 50
31740498.83247, 50
31740529.578576, 50
31740560.996599, 50
31740592.025121, 50
new stimulus
31783189.697995, 55
31783694.78605, 55
new stimulus
31810914.432842, 55
31811412.717682, 55
new stimulus
new stimulus
31882712.156818, 55
31883195.099398, 55
31883227.426809, 55
31883260.264399, 55
31883293.255681, 55
31883326.429783, 55
new stimulus
31916176.029144, 55
31916673.656217, 55
31916706.267708, 55
new stimulus
31954186.773137, 50
31954684.268434, 50
31954716.986732, 50
31954749.683392, 50
31954783.05807, 50
31954815.407675, 50
31954848.403395, 50
new stimulus
31979184.42809, 55
31979682.504863, 55
31979715.024528, 55
31979747.940073, 55
31979781.065349, 55
31979813.652427, 55
31979846.500004, 55
31979879.539002, 55
31990394.1626, 55
31990897.432988, 55
31990928.269811, 55
31990959.297501, 55
31990990.298558, 55
31991021.616709, 55
31991047.195834, 55
31991079.852267, 55
31991112.950633, 55
31991145.95856, 55
31991179.258334, 55
31991211.945007, 55
31991257.027719, 55
31991288.313411, 55
31991319.564702, 55
31991350.554663, 55
31991381.914149, 55
31991413.659807, 55
31991444.934957, 55
31991491.001129, 55
31991522.185562, 55
31991553.441015, 55
31991584.594932, 55
31991616.334486, 55
31991647.081702, 55
31991678.303587, 55
31991709.828139, 55
31991741.781031, 55
31991772.822592, 55
31991819.640577, 55
31991851.484997, 55
31991881.892926, 55
31991913.625545, 55
31991944.887379, 55
31991976.095115, 55
31992007.140837, 55
31992038.69868, 55
31992080.560802, 55
31992111.519969, 55
31992142.733531, 55
31992175.845491, 55
31992205.130972, 55
31992236.640543, 55
31992283.47018, 55
31992314.103654, 55
31992345.407656, 55
31992376.491385, 55
31992409.155308, 55
31992438.925167, 55
31992470.643083, 55
31992501.298472, 55
31992532.59859, 55
31992579.442376, 55
31992610.79243, 55
31992641.751874, 55
31992672.986243, 55
31992704.170953, 55
31992735.505194, 55
31992766.45798, 55
31992797.630484, 55
31992829.295134, 55
31992875.974132, 55
31992908.883574, 55
31992938.195132, 55
31992969.614541, 55
31993000.665257, 55
31993032.138486, 55
31993063.109027, 55
31993092.980145, 55
31993125.889865, 55
31993158.894462, 55
31993193.667624, 55
31993224.849283, 55
31993271.526338, 55
31993302.635868, 55
31993333.990083, 55
31993364.95452, 55
31993396.460208, 55
31993427.804436, 55
31993458.893713, 55
31993489.949145, 55
31993536.702214, 55
31993568.409865, 55
31993599.207294, 55
31993630.395334, 55
31993661.705994, 55
31993692.591644, 55
31993724.090951, 55
31993755.415204, 55
31993786.353009, 55
31993833.019523, 55
31993865.261488, 55
31993895.494086, 55
31993926.761746, 55
31993957.752539, 55
31993989.001056, 55
31994020.637964, 55
31994051.766081, 55
31994082.659221, 55
31994129.643382, 55
31994160.822822, 55
31994191.895176, 55
31994223.127326, 55
31994254.211332, 55
31994285.470669, 55
31994316.821833, 55
31994347.987401, 55
31994394.756006, 55
31994427.323109, 55
31994457.271905, 55
31994489.727485, 55
31994520.540451, 55
31994552.076654, 55
31994581.863714, 55
31994613.160503, 55
31994644.245064, 55
31994691.11576, 55
31994722.7277, 55
31994753.54982, 55
31994784.625226, 55
31994815.802724, 55
31994847.088693, 55
31994879.666339, 55
31994909.468101, 55
31994940.736871, 55
31994987.438894, 55
31995019.169571, 55
31995050.105711, 55
31995081.308731, 55
31995112.358892, 55
31995143.442066, 55
31995174.701403, 55
31995205.910804, 55
31995252.613937, 55
31995283.927094, 55
31995315.183934, 55
31995346.221889, 55
31995377.373309, 55
31995408.584374, 55
31995439.792111, 55
31995471.247862, 55
31995502.260294, 55
31995548.946504, 55
31995580.211112, 55
31995611.35199, 55
31995642.474835, 55
31995673.783831, 55
31995704.936915, 55
31995736.363538, 55
31995767.376524, 55
31995798.760146, 55
31995845.433595, 55
31995877.270801, 55
31995907.91232, 55
31995939.075946, 55
31995970.242069, 55
31996001.406528, 55
31996032.83537, 55
31996063.218609, 55
31996096.251226, 55
31996129.302985, 55
31996162.489017, 55
31996195.230896, 55
31996228.213855, 55
31996261.396835, 55
31996294.289354, 55
31996327.267597, 55
31996360.273859, 55
31996394.751012, 55
31996426.357404, 55
31996459.346466, 55
31996492.296689, 55
31996525.377855, 55
31996558.317813, 55
31996592.956148, 55
new stimulus
32007516.266767, 55
32007548.094542, 55
32007577.847755, 55
32007611.687393, 55
32007646.814268, 55
32007678.463105, 55
32007711.605304, 55
32007745.2255, 55
32007778.986073, 55
32007810.77473, 55
32007842.164733, 55
32007875.766065, 55
32007908.35342, 55
32007940.565424, 55
32007973.136134, 55
32008006.614568, 55
32008039.769806, 55
32008086.944278, 55
32008117.146638, 55
32008148.574648, 55
32008179.500524, 55
32008210.777893, 55
32008242.505518, 55
32008274.428726, 55
32008304.351722, 55
32008335.561123, 55
32008382.356914, 55
32008414.284006, 55
32008445.418503, 55
32008476.083047, 55
32008507.097143, 55
32008538.960983, 55
32008569.568378, 55
32008601.616703, 55
32008648.2957, 55
32008681.226504, 55
32008713.344739, 55
32008744.265066, 55
32008775.680314, 55
32008806.754056, 55
32008837.98038, 55
32008869.043025, 55
32008900.484905, 55
32008947.270432, 55
32008978.094772, 55
32009009.507523, 55
32009040.609562, 55
32009064.852901, 55
32009096.122502, 55
32009130.042037, 55
32009161.265032, 55
32009195.880341, 55
32009227.596314, 55
32009263.016424, 55
32009300.923343, 55
32009328.549286, 55
32009361.885957, 55
32009394.731038, 55
32009427.830791, 55
32009460.76964, 55
32009493.606675, 55
32009527.225762, 55
32009560.219263, 55
32009592.739759, 55
32009625.774873, 55
32009658.706509, 55
32009691.612067, 55
32009724.87217, 55
32009757.938078, 55
32009790.715468, 55
32009823.766672, 55
32009856.641714, 55
32009889.813042, 55
32009924.511578, 55
32009956.901686, 55
32009988.810745, 55
32010023.664359, 55
32010054.444589, 55
32010101.457047, 55
32010132.355458, 55
32010163.641705, 55
32010194.925455, 55
32010226.087972, 55
32010257.315405, 55
32010288.364456, 55
32010319.722001, 55
32010366.320545, 55
32010397.658393, 55
32010428.854755, 55
32010459.996465, 55
32010491.114872, 55
32010522.413325, 55
32010553.695966, 55
32010584.86625, 55
32010615.956915, 55
32010662.767687, 55
32010693.98763, 55
32010725.433395, 55
32010756.374529, 55
32010787.594749, 55
32010818.747279, 55
32010850.068759, 55
32010881.326986, 55
32010912.493109, 55
32010959.338004, 55
32010990.324081, 55
32011022.529149, 55
32011053.302998, 55
32011084.001388, 55
32011115.484604, 55
32011146.62354, 55
32011177.645681, 55
32011224.387653, 55
32011255.583738, 55
32011286.868043, 55
32011318.128212, 55
32011349.408911, 55
32011380.55173, 55
32011411.710641, 55
32011444.260822, 55
32011474.119178, 55
32011520.866421, 55
32011551.981776, 55
32011583.319069, 55
32011614.443301, 55
32011645.564205, 55
32011676.671515, 55
32011708.317855, 55
32011739.184085, 55
32011770.427332, 55
32011817.176517, 55
32011848.518525, 55
32011879.841947, 55
32011910.859927, 55
32011942.155329, 55
32011974.024716, 55
32012004.494233, 55
32012036.056515, 55
32012067.508105, 55
32012100.306856, 55
32012133.362499, 55
32012166.34851, 55
32012199.329526, 55
32012232.339395, 55
32012265.195572, 55
32012298.220977, 55
32012331.23251, 55
32012364.180513, 55
32012397.88033, 55
32012430.361988, 55
32012463.384063, 55
32012496.149523, 55
32012529.085043, 55
32012562.324339, 55
32012595.177742, 55
32012628.213134, 55
32012661.258513, 55
32012694.259781, 55
32012727.352322, 55
32012760.251776, 55
32012793.152618, 55
32012826.580284, 55
32012859.278331, 55
32012892.314832, 55
32012925.182938, 55
32012958.302111, 55
32012991.110017, 55
32013024.473044, 55
32013057.175252, 55
32013090.131578, 55
32013123.433294, 55
32013156.194871, 55
32013189.188649, 55
32013222.272312, 55
32013255.159005, 55
32013288.159996, 55
32013321.262524, 55
32013354.444672, 55
32013387.56218, 55
32013420.299621, 55
32013453.583582, 55
32013486.061911, 55
32013519.262923, 55
32013552.448955, 55
32013585.393907, 55
32013618.312226, 55
32013651.229713, 55
32013684.289518, 55
32013717.496356, 55
32013750.242397, 55
32013783.251433, 55
32013816.152553, 55
32013849.147163, 55
32013882.370647, 55
32013915.156081, 55
32013948.286628, 55
32013981.617474, 55
32014014.45007, 55
32014047.411945, 55
32014080.305574, 55
32014113.207803, 55
32014146.279814, 55
32014179.668364, 55
32014212.346714, 55
32014245.238401, 55
32014278.240224, 55
32014311.698684, 55
32014344.399782, 55
32014377.254017, 55
32014410.282196, 55
32014444.263318, 55
32014476.351037, 55
32014509.17642, 55
32014542.190728, 55
32014575.228616, 55
32014608.484003, 55
32014641.825391, 55
32014674.237138, 55
32014707.61792, 55
32014740.209714, 55
32014773.243718, 55
32014806.3296, 55
32014839.30285, 55
32014872.280537, 55
32014905.437994, 55
32014938.198461, 55
32014971.253549, 55
32015004.50644, 55
32015037.630884, 55
32015070.532835, 55
32015103.258069, 55
32015136.398604, 55
32015169.456466, 55
32015202.546787, 55
32015235.18075, 55
32015269.043136, 55
32015301.485122, 55
32015334.194265, 55
32015367.395555, 55
32015400.649, 55
32015434.075556, 55
32015466.310309, 55
32015499.25859, 55
32015532.21769, 55
32015565.068596, 55
32015598.329809, 55
32015631.292239, 55
32015664.39865, 55
32015697.265369, 55
32015730.460556, 55
32015763.346417, 55
32015796.225897, 55
32015829.353116, 55
32015862.526941, 55
32015895.340395, 55
32015928.220153, 55
32015961.219757, 55
32015994.564474, 55
32016027.534948, 55
32016060.379751, 55
32016093.234264, 55
32016126.373966, 55
32016159.212388, 55
32016192.417562, 55
32016225.341984, 55
32016258.32633, 55
32016291.472691, 55
32016324.263951, 55
32016357.315433, 55
32016390.377734, 55
32016423.286067, 55
32016456.532854, 55
32016489.203158, 55
32016522.162259, 55
32016555.503646, 55
32016588.254958, 55
32016621.222381, 55
32016654.245011, 55
32016687.386655, 55
32016720.529409, 55
32016753.476026, 55
32016786.421255, 55
32016819.112644, 55
32016852.219333, 55
32016885.41979, 55
32016918.317858, 55
32016951.313301, 55
32016984.327608, 55
32017017.780797, 55
32017050.509637, 55
32017083.34695, 55
32017116.154023, 55
32017149.353926, 55
32017182.34271, 55
32017215.348418, 55
32017248.500881, 55
32017281.523789, 55
32017314.658775, 55
32017347.442822, 55
32017380.549511, 55
32017413.469495, 55
32017446.748186, 55
32017479.551098, 55
32017512.466643, 55
32017545.273716, 55
32017578.32825, 55
32017611.293176, 55
32017644.337723, 55
32017677.49629, 55
32017710.601592, 55
32017743.382587, 55
32017776.478179, 55
32017809.289691, 55
32017842.394438, 55
32017875.436211, 55
32017908.370343, 55
32017941.516981, 55
32017974.273009, 55
32018007.830231, 55
32018040.660053, 55
32018073.545359, 55
32018106.43122, 55
32018139.376727, 55
32018172.31724, 55
32018205.532401, 55
32018238.335591, 55
32018271.370705, 55
32018304.705712, 55
32018337.332738, 55
32018370.697707, 55
32018403.735041, 55
32018436.741025, 55
32018469.482905, 55
32018502.385689, 55
32018535.405544, 55
32018568.406258, 55
32018601.361752, 55
32018634.406576, 55
32018667.365677, 55
32018700.641593, 55
32018734.072033, 55
32018766.4688, 55
32018799.366313, 55
32018832.387001, 55
32018865.413792, 55
32018898.411177, 55
32018931.370832, 55
32018964.452831, 55
32018997.366157, 55
32019030.559679, 55
32019063.648335, 55
32019096.483706, 55
32019129.549336, 55
32019162.400797, 55
32019195.451724, 55
32019228.452438, 55
32019261.615166, 55
32019294.399491, 55
32019327.671246, 55
32019360.623966, 55
32019393.564756, 55
32019426.426482, 55
32019459.793392, 55
32019492.330534, 55
32019525.390062, 55
32019558.487873, 55
32019591.543239, 55
32019624.359745, 55
32019657.509434, 55
32019690.462986, 55
32019724.005782, 55
32019756.640576, 55
32019789.484824, 55
32019822.992943, 55
32019855.617473, 55
32019888.533018, 55
32019921.405008, 55
32019954.513916, 55
32019987.441391, 55
32020020.923709, 55
32020053.627026, 55
32020086.493745, 55
32020119.531911, 55
32020152.462715, 55
32020185.508371, 55
32020218.531278, 55
32020251.439056, 55
32020284.481938, 55
32020317.548678, 55
32020350.455901, 55
32020383.983993, 55
32020416.516697, 55
32020449.596476, 55
32020482.522285, 55
32020515.775453, 55
32020548.507068, 55
32020581.575195, 55
32020614.479921, 55
32020647.666507, 55
32020680.605634, 55
32020713.744226, 55
32020746.492486, 55
32020779.522329, 55
32020812.921698, 55
32020845.6719, 55
32020878.563587, 55
32020911.524629, 55
32020944.515911, 55
32020977.517457, 55
32021010.712366, 55
32021043.4548, 55
32021076.748749, 55
32021109.506719, 55
32021142.584278, 55
32021175.524514, 55
32021208.678365, 55
32021241.773957, 55
32021274.68645, 55
32021307.556776, 55
32021340.40463, 55
32021373.568191, 55
32021406.618008, 55
32021439.957177, 55
32021473.536315, 55
32021506.440763, 55
32021538.829762, 55
32021571.899277, 55
32021604.952978, 55
32021637.672386, 55
32021670.725532, 55
32021704.146818, 55
32021736.756644, 55
32021769.60006, 55
32021802.701755, 55
32021835.53879, 55
32021868.544498, 55
32021903.377028, 55
32021936.458471, 55
32021967.645401, 55
32022000.776226, 55
32022037.484405, 55
32022066.880854, 55
32022109.378272, 55
32022141.793903, 55
32022181.298217, 55
32022211.920039, 55
32022244.223592, 55
32022275.146693, 55
32022305.415912, 55
32022337.549127, 55
32022368.845916, 55
32022400.169338, 55
32022432.838533, 55
32022462.523223, 55
32022509.285169, 55
32022540.477093, 55
32022572.371171, 55
32022603.004644, 55
32022634.09198, 55
32022665.117173, 55
32022696.48304, 55
32022727.822829, 55
32022774.392799, 55
32022805.614962, 55
32022836.857099, 55
32022868.00297, 55
32022899.179081, 55
32022930.543006, 55
32022961.729103, 55
32022992.840297, 55
32023025.716726, 55
32023056.677279, 55
32023089.665509, 55
32023122.248426, 55
32023159.811064, 55
32023191.134763, 55
32023222.184646, 55
32023269.129691, 55
32023300.086638, 55
32023331.345698, 55
32023363.719438, 55
32023394.035819, 55
32023425.154503, 55
32023456.604151, 55
32023487.457065, 55
32023519.448241, 55
32023565.383747, 55
32023596.663614, 55
32023629.521455, 55
32023660.48728, 55
32023690.152274, 55
32023721.915686, 55
32023752.850162, 55
32023783.933614, 55
32023830.584314, 55
32023861.801483, 55
32023893.131562, 55
32023924.289363, 55
32023955.710991, 55
32023986.737571, 55
32024017.968611, 55
32024049.76254, 55
32024081.20664, 55
32024112.555307, 55
32024159.15191, 55
32024190.420124, 55
32024221.651442, 55
32024252.927979, 55
32024284.157077, 55
32024315.318207, 55
32024346.35089, 55
32024377.61744, 55
32024424.364128, 55
32024456.974787, 55
32024487.024287, 55
32024518.018409, 55
32024549.109073, 55
32024580.368688, 55
32024611.773948, 55
32024643.021356, 55
32024673.951671, 55
32024721.470701, 55
32024752.221802, 55
32024783.216201, 55
32024814.6087, 55
32024845.7149, 55
32024876.738429, 55
32024907.97474, 55
32024939.131708, 55
32024970.425445, 55
32025017.189888, 55
32025048.482239, 55
32025080.605745, 55
32025111.939708, 55
32025143.071431, 55
32025174.159599, 55
32025205.359567, 55
32025236.666621, 55
32025268.188676, 55
32025314.852138, 55
32025345.738342, 55
32025377.100603, 55
32025408.134119, 55
32025439.638974, 55
32025470.522682, 55
32025501.898813, 55
32025532.947864, 55
32025564.316783, 55
32025610.936967, 55
32025642.104755, 55
32025673.518338, 55
32025705.231537, 55
32025736.256453, 55
32025767.068863, 55
32025798.098772, 55
32025829.661609, 55
32025876.217431, 55
32025907.350541, 55
32025938.675627, 55
32025969.861447, 55
32026000.963486, 55
32026032.454747, 55
32026064.263102, 55
32026094.718748, 55
32026125.885426, 55
32026172.619075, 55
32026203.886735, 55
32026235.394642, 55
32026266.237569, 55
32026297.534635, 55
32026328.605602, 55
32026359.989224, 55
32026391.080166, 55
32026422.26127, 55
32026469.228786, 55
32026500.340535, 55
32026531.379599, 55
32026562.521032, 55
32026593.749575, 55
32026625.079099, 55
32026656.208603, 55
32026687.420501, 55
32026734.388571, 55
32026765.432352, 55
32026796.65063, 55
32026828.183228, 55
32026858.908805, 55
32026890.153439, 55
32026921.49517, 55
32026952.745075, 55
32026983.935056, 55
32027030.797429, 55
32027063.803691, 55
32027094.911556, 55
32027126.364811, 55
32027157.310384, 55
32027188.550856, 55
32027219.754986, 55
32027250.949684, 55
32027282.12302, 55
32027313.698618, 55
32027360.286621, 55
32027391.208335, 55
32027422.504292, 55
32027453.63657, 55
32027485.052373, 55
32027516.053152, 55
32027547.302502, 55
32027578.463354, 55
32027625.255817, 55
32027656.509051, 55
32027687.783369, 55
32027719.265475, 55
32027750.060408, 55
32027781.518379, 55
32027812.56854, 55
32027843.731612, 55
32027874.88747, 55
32027921.773702, 55
32027953.051348, 55
32027984.08847, 55
32028016.020001, 55
32028046.668177, 55
32028072.837933, 55
32028105.453308, 55
32028138.469835, 55
32028171.442807, 55
32028204.463217, 55
32028237.631494, 55
32028270.533446, 55
32028303.584373, 55
32028336.548467, 55
32028369.430722, 55
32028402.527978, 55
32028435.767275, 55
32029343.764209, 55
32029845.274632, 55
32029875.656484, 55
32029906.777664, 55
32029938.044492, 55
32031412.605326, 50
new stimulus
32051541.502167, 55
32052049.689023, 55
32052068.139517, 55
new stimulus
new stimulus
32118898.128207, 55
32119393.850223, 55
