new stimulus
new stimulus
30940310.19367, 55
new stimulus
new stimulus
31003238.227396, 55
31003734.574999, 55
31003772.474427, 55
31003801.420621, 55
31003830.700553, 55
new stimulus
31038922.508037, 55
31039418.547702, 55
31039450.468412, 55
31039483.451926, 55
31039517.408913, 55
31039549.244455, 55
31039582.228524, 55
new stimulus
31082537.40742, 55
31083035.978837, 55
31083068.190563, 55
31083101.044243, 55
31083133.83051, 55
31083166.663106, 55
31083200.299393, 55
new stimulus
31112041.480666, 55
31112524.565564, 55
new stimulus
31143958.734335, 55
31144464.274587, 55
31144494.878099, 55
31144526.768571, 55
31144557.84037, 55
31144590.488481, 55
31144619.455204, 55
31144650.478732, 55
31144681.687301, 55
31144713.168576, 55
31145776.966442, 55
31146276.387878, 55
31146309.162494, 55
31146341.929063, 55
31146375.044907, 55
31146407.606462, 55
31146440.788332, 55
31146473.534096, 55
31146506.864109, 55
31146539.62513, 55
31146572.789246, 55
31146606.070433, 55
31146638.596201, 55
31146671.664883, 55
31146704.65339, 55
31146737.955939, 55
31146770.57381, 55
31146803.697145, 55
31146836.890112, 55
31146871.360607, 55
31146903.505197, 55
31146935.629535, 55
31146968.975916, 55
31147001.860945, 55
31147035.03366, 55
31147075.66181, 55
31147106.526376, 55
31147137.625363, 55
31147168.808409, 55
31147200.116017, 55
31147246.991984, 55
31147278.346754, 55
31147309.276514, 55
31147340.583013, 55
31147371.764394, 55
31147402.763232, 55
31147434.023679, 55
31147465.234744, 55
31147512.314338, 55
31147543.285989, 55
31147574.451835, 55
31147605.681765, 55
31147636.725823, 55
31147668.00014, 55
31147699.522751, 55
31147730.658358, 55
31147761.589505, 55
31147809.629811, 55
31147839.76226, 55
31147870.650962, 55
31147901.910576, 55
31147933.192384, 55
31147964.43674, 55
31147995.808156, 55
31148026.943485, 55
31148058.521302, 55
31148091.451551, 55
31148124.32687, 55
31148157.297068, 55
31148190.43455, 55
31148223.30654, 55
31148256.382158, 55
31148289.3174, 55
31148322.38636, 55
31148356.470961, 55
31148388.561731, 55
31148421.919209, 55
31148455.119667, 55
31148487.485917, 55
31148520.269964, 55
31148553.281775, 55
31148587.159419, 55
31148620.784332, 55
31148654.552117, 55
31148685.616149, 55
31148718.462894, 55
31148751.379826, 55
31148784.308965, 55
31148817.267511, 55
31148850.342574, 55
31148883.321926, 55
31148916.304885, 55
31148949.348877, 55
31148982.393146, 55
31149026.078761, 55
31149057.470983, 55
31149088.351085, 55
31149119.664241, 55
31149150.651982, 55
31149182.28251, 55
31149213.812888, 55
31149261.531107, 55
31149293.122241, 55
31149322.393573, 55
31149353.471753, 55
31149384.741632, 55
31149415.905814, 55
31149447.258087, 55
31149478.332106, 55
31149509.578959, 55
31149556.398054, 55
31149587.480119, 55
31149618.851257, 55
31149650.006006, 55
31149681.115535, 55
31149712.250032, 55
31149743.587879, 55
31149774.654963, 55
31149821.469619, 55
31149852.800531, 55
31149883.807414, 55
31149915.119739, 55
31149946.236759, 55
31149977.754375, 55
31150009.029803, 55
31150040.217565, 55
31150072.30667, 55
31150104.785276, 55
31150138.28202, 55
31150170.092317, 55
31150203.39764, 55
31150236.003305, 55
31150269.007071, 55
31150301.855203, 55
31150335.171345, 55
31150367.937637, 55
31150400.895073, 55
31150434.028395, 55
31150467.018567, 55
31150499.964073, 55
31150532.981432, 55
31150565.941365, 55
31150599.244469, 55
31150632.314538, 55
31150665.048927, 55
31150698.048809, 55
31150731.028438, 55
31150764.189502, 55
31150797.477902, 55
31150829.972599, 55
31150862.959996, 55
31150895.957658, 55
31150928.89512, 55
31150962.025112, 55
31150995.00391, 55
31151028.190496, 55
31151061.026421, 55
31151094.004941, 55
31151126.822834, 55
31151159.802187, 55
31151192.883353, 55
31151225.801117, 55
31151258.83207, 55
31151291.831952, 55
31151324.805478, 55
31151357.99151, 55
31151390.914268, 55
31151424.129984, 55
31151457.018897, 55
31151490.073153, 55
31151522.997853, 55
31151556.065703, 55
31151589.045333, 55
31151622.206119, 55
31151655.27064, 55
new stimulus
new stimulus
31210508.009306, 55
31211006.019776, 55
31211038.342471, 55
31211070.991691, 55
new stimulus
31247660.420976, 55
31248164.302246, 55
31248194.683266, 55
31248225.877131, 55
31248258.274175, 55
new stimulus
31290658.921511, 55
31291153.386807, 55
31291185.819361, 55
31291218.96045, 55
new stimulus
31324658.488456, 50
31325165.057666, 50
31325195.52108, 50
31325226.848107, 50
31325257.90243, 50
31325288.881016, 50
31325320.296264, 50
new stimulus
31363538.277415, 55
31364039.322047, 55
31364057.20771, 55
31364089.953473, 55
31364123.104827, 55
31364155.937146, 55
31364188.832162, 55
new stimulus
31385290.660954, 55
31385791.641224, 55
31385822.315756, 55
31385853.533202, 55
31385885.104916, 55
31393885.399816, 55
31394389.293292, 55
31394418.176789, 55
new stimulus
31424951.738033, 50
31425445.124991, 50
31425491.206421, 50
31425522.285711, 50
31425553.487899, 50
31425584.515034, 50
31425615.664235, 50
31425646.847003, 50
31425678.324671, 50
new stimulus
31457826.118377, 55
31458322.455438, 55
31458354.513195, 55
31458387.492825, 55
