new stimulus
new stimulus
39437017.429489, 55
39437513.941205, 55
39437541.708487, 55
39437573.247854, 55
39437603.832617, 55
39437637.159681, 55
39437665.534236, 55
39437697.079984, 55
39437728.409898, 55
39437759.312308, 55
39437805.811845, 55
39437837.797304, 55
39437870.680218, 55
39437899.082792, 55
39437931.430839, 55
39437978.724354, 55
new stimulus
39478276.496003, 55
39478788.318827, 55
39478818.106006, 55
39478849.020345, 55
39478880.713403, 55
39478911.373347, 55
39478942.627525, 55
39478974.813559, 55
39479007.039819, 55
39479036.659437, 55
39479083.0874, 55
new stimulus
39500575.475817, 55
39501080.249112, 55
39501110.165292, 55
39501141.365374, 55
39501172.388739, 55
39501204.577269, 55
39501234.554204, 55
39501265.951809, 55
39501297.596318, 55
new stimulus
39538732.40919, 55
39539237.106194, 55
39539267.560848, 55
39539299.624261, 55
39539329.880836, 55
39539360.677271, 55
39539392.072657, 55
39539422.719562, 55
39539454.324955, 55
39539485.157732, 55
39539531.957439, 55
39539564.131543, 55
39539594.475783, 55
39539625.669207, 55
39539657.080128, 55
39539687.939537, 55
39539719.160426, 55
39539750.743347, 55
39539797.834623, 55
39539828.432979, 55
39539859.53097, 55
new stimulus
39581892.709059, 55
39582401.448911, 55
39582432.067519, 55
39582464.161172, 55
39582494.039068, 55
39582525.003897, 55
39582556.263902, 55
39582587.626552, 55
39582618.848827, 55
39582649.866366, 55
39582696.811441, 55
39582728.070336, 55
39582759.079552, 55
39582790.202788, 55
39582821.468341, 55
39582852.814901, 55
39582883.81302, 55
39582915.058876, 55
39582961.859138, 55
39582993.265065, 55
39583024.506483, 55
39583055.535396, 55
39583086.914136, 55
39583118.138908, 55
39583149.180306, 55
39583180.146799, 55
39583211.359365, 55
39583258.262826, 55
39583289.278701, 55
39583320.544254, 55
39583351.838381, 55
39583383.385516, 55
39583414.234383, 55
39586295.428833, 50
39586800.007934, 50
39586830.654007, 50
39586861.629933, 50
39586893.070538, 50
39586924.055342, 50
39586955.586663, 50
39586986.656635, 50
39587017.741587, 50
39587049.358631, 50
39587095.722788, 50
39587126.986399, 50
39587159.118335, 50
39587189.422627, 50
39587220.963658, 50
39587251.847758, 50
39587282.952962, 50
39587314.039024, 50
39587361.041802, 50
39587392.246045, 50
39587423.779031, 50
39587454.910035, 50
39587488.159698, 50
39587517.519096, 50
39587548.024794, 50
new stimulus
39624921.076124, 55
39625425.361159, 55
39625456.57317, 55
39625487.221463, 55
39625518.527519, 55
39625549.362793, 55
39625580.507945, 55
39625613.284052, 55
39625644.640321, 55
39625674.441095, 55
39625720.943406, 55
39625752.429786, 55
39625783.472015, 55
39625814.630484, 55
39625845.620558, 55
39625877.276442, 55
39625908.038754, 55
39625939.683818, 55
39625986.379492, 55
39626017.43365, 55
39626048.654816, 55
39626080.483255, 55
39626110.863282, 55
new stimulus
39648029.872902, 55
39648529.039254, 55
39648559.295552, 55
39648590.586904, 55
39648621.540082, 55
39648652.716028, 55
39648683.835103, 55
39648715.009107, 55
39648746.135395, 55
39648777.414542, 55
39648824.124364, 55
39648855.323891, 55
39648886.461553, 55
39648918.288882, 55
39648949.09031, 55
39648980.26376, 55
39649011.467448, 55
39649043.167441, 55
39649089.466681, 55
39649120.806583, 55
39649151.858244, 55
39649183.045287, 55
39649214.157704, 55
39649245.364721, 55
39649277.564626, 55
new stimulus
new stimulus
39715670.751959, 55
39716169.560161, 55
39716200.216776, 55
39716232.964031, 55
39716263.403426, 55
39716295.118677, 55
39716324.742179, 55
39716356.111764, 55
new stimulus
39761883.438503, 55
39762392.043528, 55
39762422.700698, 55
39762453.827263, 55
39762484.96437, 55
39762515.797425, 55
39762547.044391, 55
39762578.139885, 55
39762609.433457, 55
39762640.541713, 55
39762687.395239, 55
39762718.664953, 55
39762749.778202, 55
39762782.810645, 55
39762812.308198, 55
39762843.428937, 55
39762874.612096, 55
39762906.157567, 55
39762952.893744, 55
39762983.812798, 55
39763015.074467, 55
39763046.232381, 55
39763077.24132, 55
39763108.489396, 55
39763139.776587, 55
39763170.992759, 55
39763202.367893, 55
39763248.945109, 55
39763280.28501, 55
39763311.322246, 55
39763342.596954, 55
39763373.981797, 55
39763405.051769, 55
39763436.156418, 55
39763467.640023, 55
39763498.547981, 55
39763545.39152, 55
39763576.520027, 55
39763607.918742, 55
39763638.922687, 55
39763670.151343, 55
39763701.419116, 55
39763732.843353, 55
39763763.90417, 55
new stimulus
39803481.128756, 55
new stimulus
39820702.227241, 55
39821203.292813, 55
39821233.757453, 55
39821265.050748, 55
39821296.400637, 55
39821327.377118, 55
39821359.066291, 55
39821390.692213, 55
39821420.937137, 55
39821452.49842, 55
39821498.934705, 55
39821529.902864, 55
39821561.439456, 55
39821592.356569, 55
39821623.640432, 55
39821654.742029, 55
39821686.089976, 55
39821717.120831, 55
39821764.035944, 55
39821795.141148, 55
39821826.406146, 55
39821857.985184, 55
39821888.737509, 55
39821920.084901, 55
39821951.072756, 55
new stimulus
39860135.013002, 55
39860639.752729, 55
39860670.241228, 55
39860701.346709, 55
39860732.447474, 55
39860763.584859, 55
39860794.790211, 55
39860826.046332, 55
39860857.606505, 55
39860888.31583, 55
39860935.243428, 55
39860966.343638, 55
39860998.196212, 55
39861028.773763, 55
39861060.01407, 55
39861091.012467, 55
39861122.53075, 55
39861154.129762, 55
39861200.453693, 55
39861231.802194, 55
39861262.798927, 55
39861293.962666, 55
39861325.113367, 55
39861356.339804, 55
39861387.565963, 55
39861418.742187, 55
39861450.246044, 55
39861496.788859, 55
39861528.522697, 55
39861559.222313, 55
39861590.319749, 55
39861621.57254, 55
39861652.981242, 55
39861683.922213, 55
39861715.147817, 55
39861746.322099, 55
39861798.494606, 55
39861824.752443, 55
39861855.941706, 55
39861886.719554, 55
39861917.87719, 55
39861949.090865, 55
39861980.744807, 55
new stimulus
39885211.562159, 55
39885724.408664, 55
39885754.895221, 55
39885785.846179, 55
39885817.061241, 55
39885848.083496, 55
39885879.450585, 55
39885911.654096, 55
39885942.469951, 55
39885973.245024, 55
39886020.559068, 55
39886050.946586, 55
39886082.095622, 55
39886113.176135, 55
39886144.387036, 55
39886175.650925, 55
39886206.912871, 55
39886238.344876, 55
39886284.827769, 55
39886316.058921, 55
39886347.388281, 55
39886378.471291, 55
39886409.626431, 55
39886440.771028, 55
39886472.386963, 55
39886503.207534, 55
39886534.414274, 55
39886581.236451, 55
39886612.578017, 55
39886643.631066, 55
39886674.948496, 55
39886706.078668, 55
39886737.20884, 55
39886768.49187, 55
new stimulus
39927741.130454, 50
39928249.436143, 50
39928279.924364, 50
39928311.035393, 50
39928342.174443, 50
39928373.213066, 50
39928404.646458, 50
39928435.687855, 50
39928466.905692, 50
39928497.988424, 50
39928544.896047, 50
39928576.225407, 50
39928607.374721, 50
39928638.401969, 50
39928669.544625, 50
39928700.834868, 50
39928731.958659, 50
39928763.699156, 50
39928810.017261, 50
39928841.204304, 50
39928872.51785, 50
39928903.701287, 50
39928934.823413, 50
39928965.99492, 50
39928997.261028, 50
39929028.437807, 50
39929059.690876, 50
39929106.562711, 50
39929137.606605, 50
39929169.044714, 50
39929200.093601, 50
new stimulus
39964020.558791, 55
39964519.121476, 55
39964549.485135, 55
39964580.615862, 55
39964612.660966, 55
39964643.336723, 55
39964674.355649, 55
39964705.456414, 55
39964736.481721, 55
39964767.681248, 55
39964814.641303, 55
39964845.722372, 55
39964876.852266, 55
39964908.052625, 55
39964939.204158, 55
39964970.461111, 55
39965001.737483, 55
39965032.925358, 55
39965080.054363, 55
39965110.861617, 55
39965141.978473, 55
39965173.354162, 55
39965204.667986, 55
39965235.687744, 55
39965266.827071, 55
39965298.145056, 55
39965329.230286, 55
39965376.000308, 55
39965407.470597, 55
39965438.421833, 55
39965469.754244, 55
39965500.886635, 55
39965532.042607, 55
39965563.214392, 55
39965594.433615, 55
39965625.599297, 55
39965672.765476, 55
39965703.823241, 55
39965734.942593, 55
39965766.047242, 55
39965797.29615, 55
39965828.456838, 55
39965859.580351, 55
39965890.817607, 55
39965937.721624, 55
39965968.859563, 55
39966000.024135, 55
39966031.494424, 55
39966062.48977, 55
