new stimulus
new stimulus
40121337.408638, 55
40121834.932384, 55
40121863.04117, 55
40121895.151191, 55
40121925.657444, 55
40121958.466564, 55
40121986.851106, 55
40122018.335266, 55
40122049.839678, 55
40122080.570087, 55
40122127.042992, 55
40122159.266755, 55
40122191.863926, 55
40122223.98643, 55
40122254.114005, 55
40122283.986075, 55
40122314.338915, 55
new stimulus
40150842.005771, 55
40151346.749382, 55
40151376.780969, 55
40151408.28871, 55
40151439.421101, 55
40151471.0043, 55
40151501.203172, 55
40151533.664684, 55
40151566.223016, 55
40151594.853352, 55
40151641.659994, 55
40151672.756043, 55
40151704.040738, 55
40151735.784841, 55
40151767.029033, 55
40151797.722822, 55
new stimulus
40192222.964414, 50
40192733.244225, 50
40192763.282193, 50
40192794.55163, 50
40192826.034126, 50
40192857.369588, 50
40192887.721873, 50
40192918.7666, 50
40192950.641922, 50
40192981.707178, 50
40193030.728467, 50
40193059.143248, 50
40193090.232916, 50
40193121.471837, 50
40193153.156017, 50
40193183.992678, 50
40193215.284308, 50
40193247.653717, 50
40193293.145941, 50
40193324.595978, 50
40193355.83268, 50
40193386.803057, 50
40193417.932397, 50
40193449.49146, 50
40193480.310921, 50
40193511.560106, 50
40193542.73522, 50
40193589.554068, 50
40193620.790492, 50
40193652.079626, 50
40193683.341017, 50
40193714.424305, 50
40193745.787233, 50
40193777.881163, 50
40193808.013176, 50
40193839.161103, 50
40193886.049583, 50
40193917.080161, 50
40193948.803735, 50
40193979.507789, 50
40194010.740052, 50
40194041.966766, 50
40194073.066699, 50
40194104.411594, 50
40194151.133068, 50
40194183.455869, 50
new stimulus
40220901.242232, 55
40221405.106698, 55
40221435.709771, 55
40221467.331532, 55
40221498.117147, 55
40221528.76655, 55
40221560.10229, 55
40221591.233849, 55
new stimulus
40254066.587268, 55
40254570.400966, 55
40254600.840361, 55
40254632.823601, 55
40254663.133163, 55
40254693.909901, 55
40254725.181557, 55
40254756.327542, 55
40254787.639147, 55
40254819.007068, 55
40254866.029265, 55
40254896.944714, 55
40254928.165602, 55
40254959.150128, 55
40254990.33939, 55
40255022.65276, 55
40255052.97009, 55
40255084.612102, 55
40255130.931039, 55
40255162.063153, 55
40255193.291254, 55
40255224.44778, 55
40255255.642868, 55
40255286.923125, 55
40255318.014458, 55
40255351.826729, 55
40255380.962804, 55
40255427.17743, 55
new stimulus
40304845.120369, 55
40305347.659321, 55
40305378.009941, 55
40305409.110706, 55
40305440.562408, 55
40305471.688419, 55
40305502.610525, 55
40305535.411877, 55
40305566.557862, 55
40305596.462113, 55
40305643.019631, 55
40305674.15119, 55
40305705.766015, 55
40305735.210858, 55
new stimulus
40334027.481816, 55
40334535.302296, 55
40334565.385483, 55
40334596.938166, 55
40334627.637227, 55
40334658.646721, 55
40334689.78688, 55
40334721.086555, 55
40334752.255566, 55
40334783.451209, 55
40334830.273664, 55
40334861.591372, 55
40334892.685201, 55
40334923.848109, 55
40334955.027661, 55
40334986.240227, 55
40335017.427824, 55
40335049.25876, 55
40335095.617645, 55
40335126.762243, 55
40335158.033899, 55
40335189.096103, 55
40335220.680689, 55
40335251.464918, 55
40335282.888323, 55
40335314.035695, 55
40335345.229118, 55
new stimulus
new stimulus
40405907.530797, 55
40406419.561132, 55
40406449.76999, 55
40406480.629955, 55
40406511.78343, 55
40406542.877259, 55
40406573.892579, 55
40406605.221106, 55
40406636.341846, 55
40406667.710322, 55
40406715.578096, 55
40406746.614223, 55
40406778.364151, 55
40406807.997363, 55
40406839.07316, 55
40406870.467436, 55
40406901.532692, 55
40406933.194123, 55
40406980.469606, 55
40407011.049375, 55
40407042.119347, 55
40407073.152144, 55
40407104.270109, 55
new stimulus
40439623.409618, 55
40440130.059662, 55
40440160.846664, 55
40440192.074211, 55
40440223.231847, 55
40440255.784908, 55
40440285.302157, 55
40440316.306935, 55
40440347.521998, 55
40440378.776731, 55
40440425.681025, 55
40440457.033965, 55
40440487.943033, 55
40440519.009953, 55
40440550.410055, 55
40440581.413723, 55
40440612.880405, 55
40440644.137913, 55
40440690.76007, 55
40440721.874429, 55
40440753.072846, 55
40440784.673245, 55
40440815.672197, 55
40440846.712485, 55
40440877.886212, 55
40440909.378694, 55
40440940.531615, 55
new stimulus
40468426.809848, 55
40468927.396592, 55
40468958.092879, 55
40468989.147592, 55
40469020.090228, 55
40469051.441781, 55
40469082.39801, 55
40469113.768983, 55
40469144.759057, 55
40469176.127256, 55
40469222.684219, 55
40469254.143689, 55
40469285.239183, 55
40469316.596839, 55
40469347.679295, 55
40469379.179545, 55
40469409.992903, 55
40469441.877381, 55
40469488.280099, 55
40469519.230502, 55
40469550.715772, 55
40469582.669605, 55
new stimulus
40500716.913598, 55
40501219.2148, 55
40501249.534904, 55
40501280.716954, 55
40501311.799964, 55
40501342.923755, 55
40501374.185979, 55
40501405.322809, 55
40501436.41858, 55
40501468.28891, 55
40501514.520459, 55
40501545.767147, 55
40501577.221069, 55
40501608.083252, 55
40501639.304695, 55
40501670.420996, 55
40501701.868814, 55
40501733.075276, 55
40501779.992609, 55
40501811.001548, 55
40501842.08761, 55
40501873.64279, 55
40501904.528554, 55
40501935.688132, 55
40501966.914846, 55
40501998.028928, 55
new stimulus
40534639.535509, 55
40535148.732826, 55
40535179.106195, 55
40535210.500471, 55
40535241.431733, 55
40535272.433736, 55
40535303.646857, 55
40535334.942371, 55
40535366.117485, 55
40535397.342257, 55
40535444.316738, 55
40535475.288503, 55
40535506.468055, 55
40535537.783821, 55
40535568.83909, 55
40535600.035565, 55
40535631.415137, 55
40535663.078789, 55
40535709.345293, 55
40535740.47491, 55
40535772.397394, 55
40535803.046519, 55
40535834.119542, 55
40535870.72516, 55
40535894.863228, 55
40535928.249938, 55
40535959.179257, 55
40536005.709311, 55
40536037.06447, 55
40536068.107255, 55
40536099.470737, 55
40536130.436676, 55
40536162.292579, 55
new stimulus
40567229.97871, 55
40567721.172278, 55
40567751.55175, 55
40567782.813142, 55
40567813.920288, 55
40567845.086802, 55
40567876.741853, 55
40567909.530166, 55
40567939.22219, 55
40567970.813435, 55
40568016.652989, 55
40568047.806742, 55
40568079.018198, 55
40568110.150034, 55
40568141.426129, 55
40568172.66394, 55
40568204.021041, 55
40568235.1354, 55
40568281.779474, 55
40568312.872748, 55
40568344.215147, 55
40568375.451848, 55
40568406.656091, 55
40568438.071451, 55
40568469.080945, 55
40568500.276865, 55
40568531.492482, 55
40568578.321873, 55
40568609.409322, 55
40568640.664055, 55
40568671.845827, 55
40568703.359394, 55
40568734.399404, 55
40568765.482969, 55
40568796.719393, 55
40568827.875642, 55
40568874.864549, 55
40568906.090708, 55
40568937.022524, 55
40568968.440381, 55
40568999.446546, 55
40569030.801151, 55
40569062.239259, 55
40569093.212966, 55
40569139.927504, 55
40569171.132579, 55
40569202.312687, 55
40569233.551885, 55
40569264.787476, 55
40569295.986171, 55
new stimulus
40601390.10963, 55
40601900.317868, 55
40601931.127896, 55
40601961.106774, 55
40601993.250917, 55
40602024.284546, 55
40602055.608635, 55
40602086.711619, 55
40602117.806281, 55
40602149.178364, 55
40602196.106238, 55
40602227.042216, 55
40602258.605163, 55
40602289.591354, 55
40602320.725964, 55
40602351.780955, 55
40602383.036521, 55
40602414.649127, 55
40602461.309845, 55
40602492.243603, 55
40602523.474201, 55
40602555.364227, 55
40602585.81361, 55
40602616.990388, 55
40602648.321967, 55
new stimulus
40637923.640876, 55
40638435.437899, 55
40638466.366386, 55
40638496.953092, 55
40638528.036102, 55
40638559.114119, 55
40638590.248452, 55
40638621.593624, 55
40638652.713254, 55
40638683.856464, 55
40638730.682803, 55
40638761.874007, 55
40638793.168135, 55
40638824.230616, 55
40638855.44762, 55
40638886.564198, 55
40638917.892448, 55
40638949.221253, 55
40638995.830094, 55
40639027.014918, 55
40639058.211393, 55
40639089.498584, 55
40639120.644014, 55
40639152.054103, 55
40639183.081629, 55
40639214.423195, 55
40639245.474857, 55
40639292.437964, 55
40639323.492955, 55
40639354.898883, 55
40639386.023228, 55
40639417.432485, 55
40639448.588734, 55
40639479.546351, 55
40639510.488709, 55
40639541.956224, 55
40639589.038621, 55
40639619.995683, 55
40639651.114203, 55
40639682.182787, 55
40639713.451669, 55
40639744.525247, 55
40639775.98333, 55
40639807.24167, 55
40639854.043596, 55
40639885.08527, 55
40639916.329462, 55
40639947.962874, 55
40639979.205401, 55
40640009.877552, 55
