new stimulus
new stimulus
40792032.30255, 55
40792535.142779, 55
40792565.718665, 55
40792596.796405, 55
40792627.12816, 55
40792658.227539, 55
40792689.161019, 55
40792721.203904, 55
40792753.250673, 55
40792785.06746, 55
40792830.029256, 55
new stimulus
40826336.679577, 55
40826840.152603, 55
40826871.89199, 55
40826900.025467, 55
40826931.239142, 55
40826962.581263, 55
40826993.635699, 55
40827025.471351, 55
40827056.996014, 55
40827089.566552, 55
40827134.859034, 55
40827165.353913, 55
40827196.221645, 55
40827227.247229, 55
40827258.387943, 55
new stimulus
40862940.699731, 55
40863451.779901, 55
40863481.539061, 55
40863513.143622, 55
40863543.81605, 55
40863576.145787, 55
40863606.025625, 55
40863637.339449, 55
40863668.424679, 55
40863699.7066, 55
40863746.992069, 55
40863777.342412, 55
40863809.118973, 55
40863840.125693, 55
40863871.48335, 55
40863902.037597, 55
40863933.465995, 55
40863965.065007, 55
40864011.394486, 55
40864042.683342, 55
40864073.704488, 55
40864104.787221, 55
40864136.927203, 55
new stimulus
40899812.587283, 55
40900314.493161, 55
40900345.310402, 55
40900374.906162, 55
40900405.851294, 55
40900437.147918, 55
40900468.435942, 55
40900499.436281, 55
40900530.429407, 55
40900562.607951, 55
40900608.600364, 55
40900639.91391, 55
40900670.927288, 55
40900702.031105, 55
40900733.330226, 55
40900764.447914, 55
40900795.842744, 55
40900826.992613, 55
40900873.732119, 55
40900904.832052, 55
40900936.178612, 55
40900967.452487, 55
40900998.559078, 55
40901029.59354, 55
40901061.142061, 55
new stimulus
40941588.219676, 55
40942089.536314, 55
40942120.334968, 55
40942151.228778, 55
40942182.304575, 55
40942213.278004, 55
40942244.517202, 55
40942276.117324, 55
40942307.001146, 55
40942338.624572, 55
40942384.911605, 55
40942416.115016, 55
40942447.474614, 55
40942478.565392, 55
40942509.668377, 55
40942540.848207, 55
40942572.277992, 55
40942604.153315, 55
40942650.499162, 55
40942681.308358, 55
40942712.505111, 55
40942743.735709, 55
40942774.774887, 55
40942805.998272, 55
40942837.777885, 55
40942868.733281, 55
40942899.615717, 55
40942947.127561, 55
40942978.868058, 55
40943009.061104, 55
40943040.6898, 55
40943071.360563, 55
40943102.333438, 55
40943133.64532, 55
40943164.844292, 55
40943196.091535, 55
40943243.638889, 55
40943274.22393, 55
40943307.173979, 55
40943336.682352, 55
new stimulus
40975925.845535, 55
40976424.402672, 55
40976455.315901, 55
40976486.833629, 55
40976517.416173, 55
40976548.423447, 55
40976580.06324, 55
40976611.222819, 55
40976642.038118, 55
40976673.05316, 55
40976719.829841, 55
40976751.75399, 55
40976782.596477, 55
40976814.242373, 55
40976844.73531, 55
40976875.908759, 55
40976907.207048, 55
40976938.51782, 55
40976985.198513, 55
40977018.00153, 55
40977049.342541, 55
40977079.00294, 55
40977110.13866, 55
40977141.161747, 55
40977172.879495, 55
40977203.908131, 55
40977234.76116, 55
40977282.112378, 55
40977312.875245, 55
40977343.987662, 55
40977375.146963, 55
40977406.333174, 55
new stimulus
new stimulus
new stimulus
41087457.144101, 55
41087963.482879, 55
41087993.939474, 55
41088025.021375, 55
41088056.867014, 55
41088087.261189, 55
41088118.451006, 55
41088149.656636, 55
41088180.811776, 55
41088211.965806, 55
41088258.821828, 55
41088291.43509, 55
41088322.380499, 55
41088352.718081, 55
41088383.867395, 55
41088414.876056, 55
41088446.185719, 55
41088477.801654, 55
41088524.210198, 55
41088555.252704, 55
41088587.286434, 55
41088617.733597, 55
41088648.874866, 55
41088680.052754, 55
41088711.330791, 55
41088742.700653, 55
41088773.563115, 55
41088820.690732, 55
new stimulus
41125096.310087, 50
41125607.197172, 50
41125637.51894, 50
41125669.079114, 50
41125698.629099, 50
41125730.231995, 50
41125760.827855, 50
41125791.948595, 50
41125823.18058, 50
41125854.619243, 50
41125903.127304, 50
41125932.574921, 50
41125963.595234, 50
41125994.635799, 50
41126025.884984, 50
41126057.188821, 50
41126088.529, 50
41126119.637256, 50
41126166.515472, 50
41126197.752451, 50
41126228.721719, 50
41126260.178137, 50
41126291.388483, 50
new stimulus
41150487.96162, 55
41150986.596157, 55
41151017.27774, 55
41151048.612925, 55
41151079.422677, 55
41151110.443267, 55
41151141.634749, 55
41151172.814302, 55
41151203.942254, 55
41151235.39784, 55
41151282.09712, 55
41151313.179021, 55
41151344.462328, 55
41151375.669345, 55
41151406.978176, 55
41151438.436813, 55
41151469.31481, 55
41151500.899951, 55
41151547.804522, 55
41151578.530493, 55
41151609.584096, 55
41151640.960617, 55
41151672.136009, 55
41151703.436794, 55
41151734.479578, 55
41151765.769822, 55
41151797.359401, 55
41151843.771552, 55
41151874.94944, 55
41151906.375619, 55
41151937.611488, 55
41151968.641233, 55
41151999.857128, 55
41152030.927932, 55
41152062.189046, 55
41152093.33614, 55
41152140.092014, 55
41152171.279335, 55
41152202.468874, 55
41152233.72333, 55
41152265.523195, 55
new stimulus
new stimulus
41222118.889885, 55
41222621.267378, 55
41222651.850754, 55
41222682.943474, 55
41222714.008175, 55
41222745.009346, 55
41222776.104285, 55
41222807.31047, 55
41222838.578797, 55
41222869.711188, 55
41222916.558056, 55
41222947.703763, 55
41222978.947955, 55
41223010.178553, 55
41223041.393338, 55
41223072.767639, 55
41223103.881166, 55
41223134.958073, 55
41223181.976109, 55
new stimulus
41256116.632516, 55
41256628.860096, 55
41256659.25122, 55
41256690.624689, 55
41256721.591183, 55
41256752.629251, 55
41256783.760255, 55
41256815.123182, 55
41256846.350174, 55
41256877.344687, 55
41256924.133852, 55
41256955.300088, 55
41256986.558428, 55
41257017.8606, 55
41257049.046811, 55
41257080.172821, 55
41257111.494968, 55
41257143.055974, 55
41257194.771846, 55
41257220.918438, 55
41257250.220687, 55
41257283.094724, 55
41257314.448219, 55
41257345.333706, 55
41257376.65502, 55
41257407.802392, 55
41257439.400572, 55
41257486.027445, 55
41257517.003371, 55
new stimulus
41279778.040957, 55
41280278.014324, 55
41280308.688972, 55
41280339.831073, 55
41280370.875522, 55
41280401.920248, 55
41280433.364182, 55
41280464.381721, 55
41280495.542132, 55
41280526.788542, 55
41280573.573268, 55
41280604.750879, 55
41280636.071083, 55
41280667.051171, 55
41280698.485395, 55
41280729.897704, 55
41280762.73623, 55
41280792.950082, 55
41280838.976895, 55
41280869.880137, 55
41280901.165942, 55
41280932.29001, 55
41280963.598009, 55
41280994.78949, 55
41281025.971817, 55
41281057.27177, 55
41281088.712652, 55
41281135.068764, 55
41281166.408388, 55
41281197.781025, 55
41281228.880126, 55
41281260.038594, 55
41281291.220366, 55
new stimulus
41321604.958667, 55
41322117.001762, 55
41322147.462796, 55
41322178.52389, 55
41322209.785559, 55
41322240.777021, 55
41322271.951302, 55
41322303.168861, 55
41322334.652467, 55
41322365.883065, 55
41322412.352918, 55
41322443.579355, 55
41322474.742262, 55
41322505.888802, 55
41322537.309433, 55
41322568.613269, 55
41322599.707099, 55
41322630.913839, 55
41322677.492719, 55
41322708.80682, 55
41322739.920069, 55
41322771.130138, 55
41322802.322452, 55
41322833.549998, 55
41322864.737041, 55
41322895.896897, 55
41322927.15385, 55
41322974.169112, 55
