new stimulus
new stimulus
new stimulus
38798874.823213, 55
new stimulus
new stimulus
38863300.273148, 55
new stimulus
38912445.632543, 55
38912947.102316, 55
38912978.134836, 55
38913008.905193, 55
38913040.519464, 55
38913071.11255, 55
38913102.185018, 55
38913133.365125, 55
new stimulus
38941363.230094, 55
38941869.633788, 55
38941899.878434, 55
38941930.750882, 55
new stimulus
new stimulus
new stimulus
39054858.613819, 50
39055357.604841, 50
39055388.288643, 50
39055419.759487, 50
39055450.782852, 50
39055481.627281, 50
new stimulus
39074951.678088, 55
39075450.082366, 55
new stimulus
new stimulus
39154459.262206, 55
new stimulus
39178475.886066, 55
39178986.294601, 55
39179016.958152, 55
39179048.617919, 55
new stimulus
39218960.154944, 55
new stimulus
39241957.317211, 55
39242462.423133, 55
39242493.55275, 55
39242523.875629, 55
39242555.198608, 55
39242586.001701, 55
39242617.146021, 55
39242648.569148, 55
39242679.55312, 55
39242710.805634, 55
39242757.724354, 55
39242788.953009, 55
39242820.097885, 55
39242851.238321, 55
39242882.6903, 55
39242913.900924, 55
39242945.586214, 55
39242976.425649, 55
39243022.752631, 55
39243054.311417, 55
39243085.248504, 55
39243116.582303, 55
new stimulus
39291773.674638, 50
39292269.736655, 50
39292301.022737, 50
39292333.393256, 50
39292363.893406, 50
39292396.425383, 50
39292426.309382, 50
39292456.774577, 50
39292488.655448, 50
39292520.226164, 50
39292566.68492, 50
39292598.020106, 50
39292629.25653, 50
39292660.282669, 50
39292690.629405, 50
39292721.8539, 50
39292752.907504, 50
