new stimulus
new stimulus
new stimulus
352090705.32296, 55
352091208.210343, 55
352091239.891662, 55
352091269.667107, 55
352091302.0306, 55
352091332.843872, 55
352091365.532223, 55
352091394.811365, 55
352091425.335566, 55
352091456.631549, 55
new stimulus
new stimulus
352155464.744962, 55
352155962.903451, 55
352155993.715336, 55
352156024.359937, 55
352156055.901436, 55
new stimulus
352196615.629043, 55
352197114.240835, 55
352197146.226205, 55
352197176.848058, 55
352197207.961221, 55
352197238.566428, 55
352197269.570842, 55
new stimulus
new stimulus
352276838.46689, 55
352277344.032482, 55
352277374.791657, 55
352277406.42415, 55
352277437.312603, 55
352277469.527121, 55
352277499.225999, 55
352277530.693704, 55
352277561.639305, 55
352277593.207436, 55
352277639.828354, 55
352277671.079395, 55
new stimulus
new stimulus
352344334.33417, 55
352344844.698289, 55
352344875.190309, 55
352344906.229956, 55
352344937.254067, 55
352344968.448236, 55
352344999.569167, 55
352345030.996924, 55
352345061.991628, 55
352345093.472927, 55
352345140.382084, 55
352345172.865145, 55
352345203.262842, 55
352345233.713805, 55
352345264.666341, 55
352345295.977304, 55
352345327.362616, 55
352345359.089431, 55
352345405.417949, 55
352345436.311395, 55
352345467.920584, 55
352345498.887547, 55
352345530.277574, 55
352345561.677867, 55
352345592.476713, 55
352345623.696405, 55
352345654.759355, 55
352345701.681828, 55
352345732.669597, 55
352345764.194173, 55
352345795.381407, 55
352345826.368344, 55
352345857.631591, 55
352345888.848231, 55
352345919.969162, 55
352345951.152511, 55
352345998.050849, 55
352346029.136825, 55
352346060.427536, 55
352346091.895241, 55
352346123.184288, 55
new stimulus
352386218.522862, 55
352386714.328833, 55
352386745.184828, 55
352386775.990609, 55
352386807.161198, 55
352386838.335393, 55
352386869.327046, 55
352386900.869932, 55
352386932.125134, 55
new stimulus
new stimulus
352440500.606716, 55
352441001.566865, 55
352441032.069705, 55
352441063.471662, 55
352441095.228993, 55
352441128.273828, 55
352441156.695466, 55
352441188.051926, 55
352441219.122366, 55
new stimulus
new stimulus
352515701.859099, 55
352516208.393718, 55
352516238.789474, 55
352516269.816081, 55
352516301.027173, 55
352516332.57533, 55
352516363.316473, 55
352516394.972269, 55
352516425.796083, 55
352516458.462795, 55
352516506.589825, 55
352516534.890785, 55
352516566.053883, 55
352516597.249717, 55
new stimulus
352549751.236736, 55
352550262.372914, 55
new stimulus
352582923.764816, 55
352583427.560471, 55
352583458.334905, 55
