new stimulus
new stimulus
352776340.961724, 55
352776838.777045, 55
352776870.604286, 55
352776899.811576, 55
new stimulus
352821291.115249, 55
352821797.08088, 55
352821830.686103, 55
352821858.095159, 55
352821889.070167, 55
352821920.724298, 55
352821951.333112, 55
352821984.711683, 55
352822014.871077, 55
352822047.275351, 55
352822093.638546, 55
352822122.917688, 55
352822153.859405, 55
352822185.168981, 55
352822216.195589, 55
352822247.241894, 55
352822278.867173, 55
352822310.092414, 55
352822356.637041, 55
352822389.624728, 55
352822417.762843, 55
352822450.324691, 55
352822481.338261, 55
352822512.475004, 55
352822543.75878, 55
352822575.346608, 55
new stimulus
352846268.985765, 55
new stimulus
352887686.804092, 55
352888191.989897, 55
new stimulus
new stimulus
352958579.968973, 55
352959092.605158, 55
352959119.896589, 55
352959151.496623, 55
352959182.666379, 55
352959213.722116, 55
352959245.127402, 55
352959276.393978, 55
352959307.253301, 55
352959338.489638, 55
352959385.177692, 55
new stimulus
353000938.846178, 55
353001443.070169, 55
353001473.864577, 55
353001505.280127, 55
353001535.83207, 55
353001566.878097, 55
353001598.091131, 55
353001629.339952, 55
353001661.01905, 55
353001691.886974, 55
353001738.930958, 55
353001769.831062, 55
353001801.370341, 55
353001831.913129, 55
353001863.223815, 55
353001894.578333, 55
353001925.832425, 55
new stimulus
new stimulus
353066074.96793, 55
new stimulus
353109454.708476, 55
353109955.591225, 55
353109985.838839, 55
353110016.854627, 55
353110048.839165, 55
353110079.150863, 55
353110110.210206, 55
353110141.669311, 55
353110172.884009, 55
353110203.994398, 55
353110250.808123, 55
new stimulus
353145221.166671, 55
353145725.343223, 55
353145756.544883, 55
353145787.296845, 55
353145818.580898, 55
new stimulus
353166400.435215, 55
353166910.180688, 55
353166940.752051, 55
353167367.441703, 55
353167795.845253, 55
353168297.852938, 55
353168328.591307, 55
353168359.846231, 55
353168391.205743, 55
353168423.993133, 55
new stimulus
353202634.523259, 55
353203132.780232, 55
353203163.407356, 55
353203194.446725, 55
new stimulus
353241011.413319, 55
353241523.676375, 55
353241554.499912, 55
353241967.11579, 55
new stimulus
353285429.531538, 55
353285936.377421, 55
353285966.923816, 55
353285998.195662, 55
353286029.718851, 55
353286060.380375, 55
353286091.428622, 55
353286122.642765, 55
353286153.927928, 55
353286185.091026, 55
353286231.872016, 55
353286262.942179, 55
353286294.346632, 55
353286325.550234, 55
353286357.378029, 55
353286387.912772, 55
353286419.044522, 55
353286450.86566, 55
353286497.296268, 55
353286528.316495, 55
353286559.556161, 55
353286590.846873, 55
353286622.739585, 55
353286653.46547, 55
353286684.239348, 55
353286715.702615, 55
353286746.739764, 55
353286793.384818, 55
353286824.643071, 55
353286855.904654, 55
353286887.349888, 55
353286918.234179, 55
353286949.77873, 55
353286980.674673, 55
353287011.943468, 55
353287043.157889, 55
353287089.916962, 55
353287120.968261, 55
new stimulus
353308745.424518, 55
