new stimulus
new stimulus
353466074.576213, 55
353466572.801005, 55
353466601.94227, 55
353466633.445207, 55
353466663.906711, 55
353466699.564284, 55
353466725.261662, 55
353466756.819528, 55
353466787.482161, 55
353466818.777311, 55
353466869.868847, 55
353466897.993923, 55
353466929.891073, 55
353466958.806796, 55
353466990.308623, 55
353467021.393489, 55
353467052.579336, 55
353467084.172157, 55
353467130.791688, 55
353467161.769193, 55
353467192.938117, 55
353467223.931157, 55
353467255.178869, 55
353467289.027666, 55
new stimulus
353506690.920722, 55
new stimulus
353529978.591252, 55
new stimulus
353563345.073915, 55
new stimulus
new stimulus
353634754.855397, 55
new stimulus
353674772.462664, 55
new stimulus
new stimulus
353754922.126376, 55
353755431.995579, 55
353755461.789056, 55
353755492.732161, 55
353755524.780505, 55
353755555.311642, 55
353755586.145998, 55
353755617.17538, 55
353755648.63504, 55
353755679.901338, 55
353755726.746411, 55
353755757.713651, 55
353755789.152227, 55
353755820.056771, 55
353755851.238456, 55
353755882.677309, 55
new stimulus
353781012.982404, 55
new stimulus
353820537.224439, 55
353821044.030651, 55
353821074.72491, 55
353821105.35564, 55
353821136.634145, 55
353821167.668243, 55
353821198.802767, 55
353821230.186137, 55
353821261.869397, 55
353821292.419121, 55
353821339.478917, 55
353821370.675305, 55
353821401.684713, 55
353821432.891366, 55
353821464.029497, 55
353821495.395389, 55
353821526.433371, 55
353821558.166289, 55
353821604.523382, 55
new stimulus
353856773.608962, 55
new stimulus
353888998.631489, 55
new stimulus
353925539.560034, 55
353926046.369576, 55
353926076.704854, 55
353926107.563623, 55
353926138.906212, 55
353926169.885103, 55
353926201.028505, 55
353926232.411597, 55
353926263.703973, 55
new stimulus
353956370.612609, 55
new stimulus
353997296.363472, 55
353997806.132526, 55
353997836.434237, 55
353997867.075786, 55
353997897.981162, 55
