new stimulus
new stimulus
354204573.241825, 55
354205070.548913, 55
354205099.255183, 55
354205130.800288, 55
354205161.233496, 55
354205197.736644, 55
354205223.210699, 55
354205254.106364, 55
354205285.139353, 55
354205317.049265, 55
354205367.430328, 55
354205395.42363, 55
354205427.387362, 55
new stimulus
354245181.236004, 50
new stimulus
354275933.867606, 55
354276436.324157, 55
354276467.784926, 55
354276498.516637, 55
354276530.884291, 55
354276568.361182, 55
354276597.632556, 55
new stimulus
354298387.191204, 55
354298884.815105, 55
354298915.116815, 55
new stimulus
354337806.320617, 55
new stimulus
354379311.598247, 55
354379816.154032, 55
354379846.910988, 55
354379877.908467, 55
354379908.998049, 55
new stimulus
354414755.460449, 55
354415258.501246, 55
354415289.181356, 55
354415320.737558, 55
354415351.472043, 55
354415382.610729, 55
354415414.111447, 55
354415445.000177, 55
354415476.330837, 55
354415508.229374, 55
354415554.402815, 55
354415585.462991, 55
354415616.646895, 55
new stimulus
new stimulus
354487799.33963, 55
354488296.988221, 55
354488327.471642, 55
354488358.724346, 55
354488390.104664, 55
354488422.45179, 55
354488453.075862, 55
354488483.265772, 55
354488514.543999, 55
354488545.732898, 55
354488592.617642, 55
354488623.766592, 55
354488654.808735, 55
354488686.13995, 55
354488717.575752, 55
354488748.370159, 55
354488779.67918, 55
354488812.626642, 55
354488857.729242, 55
354488888.857941, 55
354488920.134781, 55
354488951.924848, 55
354488982.421861, 55
354489013.652373, 55
354489045.161413, 55
354489076.116724, 55
354489107.200758, 55
354489153.962606, 55
354489185.659737, 55
354489216.559286, 55
354489247.529578, 55
354489278.899631, 55
354489310.104065, 55
new stimulus
354519208.551847, 55
new stimulus
354557083.297453, 55
354557591.006944, 55
354557621.70259, 55
354557652.789398, 55
354557684.063464, 55
354557715.334479, 55
354557746.322525, 55
new stimulus
354596378.742112, 55
354596887.031965, 55
new stimulus
354625893.858429, 55
new stimulus
354665013.682889, 55
new stimulus
354700021.967748, 55
new stimulus
354734155.330839, 55
354734664.464602, 55
354734695.875158, 55
