new stimulus
new stimulus
new stimulus
new stimulus
new stimulus
540474192.456401, 55
540474700.214086, 55
540474731.983324, 55
540474758.943178, 55
540474792.524813, 55
new stimulus
new stimulus
540552053.857286, 55
new stimulus
540587351.08759, 50
new stimulus
new stimulus
540652601.749311, 55
540653098.822372, 55
540653129.584291, 55
540653161.191793, 55
540653191.835253, 55
540653222.558334, 55
540653254.37085, 55
540653285.428224, 55
540653316.051155, 55
540653347.527436, 55
540653394.014734, 55
540653425.558706, 55
540653456.558099, 55
540653487.647099, 55
540653518.908933, 55
new stimulus
540679948.425617, 55
540680460.887822, 55
540680491.379532, 55
540680522.466868, 55
540680553.625778, 55
540680584.982767, 55
540680615.927508, 55
540680647.270349, 55
540680679.223518, 55
540680709.69359, 55
540680756.388123, 55
540680787.505142, 55
540680818.734518, 55
540680849.92117, 55
540680881.068983, 55
540680912.454547, 55
540680943.876454, 55
new stimulus
540719872.707767, 55
540720381.200343, 55
540720411.921481, 55
540720444.354035, 55
540720474.900676, 55
540720504.984854, 55
540720536.373747, 55
540720567.33541, 55
540720598.631089, 55
540720629.746999, 55
540720676.590507, 55
540720707.72223, 55
540720738.771282, 55
540720770.063632, 55
540720801.649217, 55
540720832.963483, 55
new stimulus
new stimulus
540783579.057315, 55
540784075.450415, 55
540784106.048101, 55
540784137.137933, 55
540784168.566774, 55
540784199.394166, 55
540784230.587476, 55
540784261.680083, 55
540784292.932762, 55
540784324.434288, 55
540784371.892008, 55
540784402.324628, 55
540784433.37895, 55
540784464.624139, 55
540784496.281299, 55
new stimulus
540823300.150723, 55
540823808.46991, 55
540823839.01877, 55
540823870.061995, 55
540823901.260022, 55
540823932.559862, 55
540823964.445618, 55
540823994.862425, 55
540824025.966128, 55
540824056.965798, 55
540824103.948572, 55
540824135.065592, 55
540824168.389225, 55
540824197.638918, 55
540824228.628046, 55
540824260.45804, 55
540824291.409993, 55
540824322.797499, 55
540824369.205732, 55
540824400.328855, 55
540824431.459746, 55
540824462.742664, 55
540824494.152641, 55
540824525.457752, 55
540824556.44161, 55
540824587.548087, 55
540824620.076352, 55
540824665.514718, 55
540824696.583189, 55
540824727.879146, 55
540824759.032508, 55
540824790.291012, 55
540824821.54924, 55
540824853.155076, 55
540824884.200521, 55
540824916.693553, 55
540824961.536295, 55
540824991.245676, 55
540825024.699697, 55
540825055.394481, 55
540825086.869097, 55
540825117.826877, 55
540825149.024349, 55
540825180.146362, 55
540825227.070877, 55
540825258.084696, 55
540825289.395078, 55
540825322.179958, 55
540825352.292433, 55
540825383.02134, 55
540825414.138914, 55
540825445.318076, 55
540825476.786589, 55
540825523.524122, 55
540825554.744343, 55
540825585.86164, 55
540825616.962014, 55
540825648.225512, 55
540825679.288712, 55
540825710.749735, 55
540825741.931948, 55
540825772.982942, 55
540825820.199582, 55
540825851.155142, 55
540825882.199477, 55
540825913.404162, 55
540825944.71288, 55
540825975.981927, 55
540826006.949416, 55
540826038.281993, 55
540826085.090823, 55
540826116.295786, 55
540826147.380624, 55
540826178.477947, 55
540826210.067693, 55
540826240.922827, 55
540826272.16857, 55
540826303.467023, 55
540826335.028195, 55
540826381.578191, 55
540826412.658036, 55
540826444.613147, 55
540826475.057419, 55
540826506.398595, 55
540826537.478995, 55
540826570.082718, 55
540826600.901232, 55
540826632.913215, 55
540826677.908816, 55
540826710.639598, 55
540826740.611421, 55
540826771.744531, 55
540826802.538354, 55
540826833.804626, 55
540826864.86311, 55
540826896.128273, 55
540826942.949032, 55
540826974.251092, 55
540827005.406674, 55
540827036.525635, 55
540827067.712288, 55
540827099.055683, 55
540827130.113612, 55
540827161.448408, 55
540827192.772384, 55
540827239.598415, 55
540827270.684641, 55
540827302.097114, 55
540827333.345354, 55
540827364.389135, 55
540827395.394908, 55
540827427.0013, 55
540827457.972118, 55
540827488.807, 55
540827535.819735, 55
540827566.881548, 55
540827598.031303, 55
540827629.298963, 55
540827660.657062, 55
540827691.805708, 55
540827723.187943, 55
540827754.200652, 55
540827800.952888, 55
540827832.082669, 55
540827863.327303, 55
540827894.581091, 55
540827925.6368, 55
540827957.225437, 55
540827988.167126, 55
540828019.290527, 55
540828050.480231, 55
540828097.318468, 55
540828128.572256, 55
540828159.832426, 55
540828190.883141, 55
540828222.12611, 55
540828253.230369, 55
540828284.51939, 55
540828315.681907, 55
540828347.222272, 55
540828393.870753, 55
540828425.130922, 55
540828456.574189, 55
540828487.498123, 55
540828518.873978, 55
540828549.895009, 55
540828580.925751, 55
540828612.513832, 55
540828659.874455, 55
540828690.149499, 55
540828721.348081, 55
540828752.51143, 55
540828783.736089, 55
540828814.922742, 55
540828846.179859, 55
540828877.42588, 55
540828908.759011, 55
540828955.40666, 55
540828986.526454, 55
540829018.10649, 55
540829048.882003, 55
540829080.224567, 55
540829111.283605, 55
540829142.399238, 55
540829173.833073, 55
540829205.233063, 55
540829251.698168, 55
540829282.920885, 55
540829315.314045, 55
540829345.416533, 55
540829376.503036, 55
540829407.869181, 55
540829438.935432, 55
540829470.092955, 55
540829516.891244, 55
540829548.433274, 55
540829579.778056, 55
540829610.569383, 55
540829641.883649, 55
540829673.04894, 55
540829704.07663, 55
540829735.315993, 55
540829766.675756, 55
540829813.462393, 55
540829844.58191, 55
540829875.699484, 55
540829906.908608, 55
540829938.145473, 55
540829969.354042, 55
540830000.4067, 55
540830031.614436, 55
540830062.927316, 55
540830109.736701, 55
540830141.448236, 55
540830172.218201, 55
540830203.459228, 55
540830234.552944, 55
540830265.687996, 55
540830296.790035, 55
540830329.386822, 55
540830375.220515, 55
540830406.064552, 55
new stimulus
540841957.584421, 55
540841979.923537, 55
540842012.591899, 55
540842044.103135, 55
540842075.278968, 55
540842121.905255, 55
540842152.843338, 55
540842184.117655, 55
540842215.289604, 55
540842246.561425, 55
540842277.579128, 55
540842309.099241, 55
540842340.301707, 55
540842387.072531, 55
540842417.960122, 55
540842449.254414, 55
540842480.345356, 55
540842511.587493, 55
540842543.219408, 55
540842576.178786, 55
540842605.976664, 55
540842636.506382, 55
540842683.308277, 55
540842714.496594, 55
540842746.165406, 55
540842776.834112, 55
540842807.939757, 55
540842839.254856, 55
540842870.491444, 55
540842901.60458, 55
540842932.995137, 55
540842979.970143, 55
540843011.163176, 55
540843041.979748, 55
540843073.15891, 55
540843104.388841, 55
540843135.697004, 55
540843166.710545, 55
540843197.993185, 55
540843244.916591, 55
540843275.889629, 55
540843307.12483, 55
540843338.734551, 55
540843369.738105, 55
540843400.716414, 55
540843432.164952, 55
540843463.192365, 55
540843494.487212, 55
540843541.141518, 55
540843572.480198, 55
540843603.843291, 55
540843634.854335, 55
540843665.936677, 55
540843697.134426, 55
540843728.351872, 55
540843759.725785, 55
540843790.923257, 55
540843837.565079, 55
540843868.899043, 55
540843899.966404, 55
540843931.112275, 55
540843962.529465, 55
540843993.728047, 55
540844024.867538, 55
540844056.123268, 55
540844102.741787, 55
540844134.107932, 55
540844165.085963, 55
540844196.305906, 55
540844227.476468, 55
540844258.768818, 55
540844289.908031, 55
540844321.225904, 55
540844352.705792, 55
540844399.117077, 55
540844430.345342, 55
540844461.6929, 55
540844492.853752, 55
540844523.964946, 55
540844555.134953, 55
540844586.310508, 55
540844617.524071, 55
540844648.848879, 55
540844695.664645, 55
540844726.787491, 55
540844758.246294, 55
540844789.278145, 55
540844820.353551, 55
540844851.557127, 55
540844882.76514, 55
540844913.872173, 55
540844961.290499, 55
540844992.229414, 55
540845023.131709, 55
540845054.486479, 55
540845085.527208, 55
540845116.782383, 55
540845147.983462, 55
540845179.322974, 55
540845210.379515, 55
540845257.119545, 55
540845288.535903, 55
540845319.666239, 55
540845351.208546, 55
540845381.994601, 55
540845413.106073, 55
540845444.395649, 55
540845475.571482, 55
540845506.885193, 55
540845553.551429, 55
540845584.863476, 55
540845616.019057, 55
540845647.109167, 55
540845678.550493, 55
540845709.699138, 55
540845740.813661, 55
540845772.128205, 55
540845818.911513, 55
540845850.049616, 55
540845881.23932, 55
540845912.377147, 55
540845943.58738, 55
540845974.824523, 55
540846006.043357, 55
540846037.633935, 55
540846068.487959, 55
540846115.253789, 55
540846146.356105, 55
540846177.804089, 55
540846208.962445, 55
540846239.898863, 55
540846271.185942, 55
540846302.325155, 55
540846333.881056, 55
540846364.890991, 55
540846411.626027, 55
540846442.887306, 55
540846474.102256, 55
540846505.134107, 55
540846536.529935, 55
540846567.719362, 55
540846598.787555, 55
540846629.853252, 55
540846676.820213, 55
540846708.15917, 55
540846739.234021, 55
540846770.66314, 55
540846801.838973, 55
540846832.702152, 55
540846863.829436, 55
540846895.499357, 55
540846926.248516, 55
540846973.059843, 55
540847004.32029, 55
540847035.667292, 55
540847066.767389, 55
540847097.880802, 55
540847129.375115, 55
540847160.799241, 55
540847191.677955, 55
540847222.839362, 55
540847269.439849, 55
540847300.855652, 55
540847332.229286, 55
540847363.290544, 55
540847394.414222, 55
540847425.846115, 55
540847457.081039, 55
540847487.930347, 55
540847534.651789, 55
540847565.970217, 55
540847597.251193, 55
540847628.603189, 55
540847659.620059, 55
540847690.858867, 55
540847721.886557, 55
540847753.079313, 55
540847784.463489, 55
540847831.97281, 55
540847862.359933, 55
540847893.69778, 55
540847924.899413, 55
540847955.985916, 55
540847987.023871, 55
540848018.328705, 55
540848049.944529, 55
540848081.32288, 55
540848127.463956, 55
540848158.676131, 55
540848189.891636, 55
540848221.069133, 55
540848252.447762, 55
540848283.723744, 55
540848314.769466, 55
540848346.171953, 55
540848392.870924, 55
540848424.121384, 55
540848455.150461, 55
540848486.455295, 55
540848517.380616, 55
540848548.655766, 55
540848579.911496, 55
540848611.171111, 55
540848642.311434, 55
540848689.65014, 55
540848720.290271, 55
540848751.494956, 55
540848782.872475, 55
540848814.104902, 55
540848845.195844, 55
540848876.302876, 55
540848907.450135, 55
540848938.804905, 55
540848985.502767, 55
540849016.711891, 55
540849047.946814, 55
540849079.055789, 55
540849110.321229, 55
540849141.606366, 55
540849172.814658, 55
540849203.93889, 55
540849250.710269, 55
540849281.951851, 55
540849313.252524, 55
540849345.900634, 55
540849375.648577, 55
540849406.623002, 55
540849438.107328, 55
540849469.336426, 55
540849500.364393, 55
540849547.072797, 55
540849578.391225, 55
540849609.721859, 55
540849640.788111, 55
540849671.83411, 55
540849703.174177, 55
540849734.285371, 55
540849765.500875, 55
540849796.912239, 55
540849843.560997, 55
540849874.692998, 55
540849905.868553, 55
540849937.137045, 55
540849968.262942, 55
540849999.450982, 55
540850030.635415, 55
540850061.981307, 55
540850108.681943, 55
540850139.999262, 55
540850171.17343, 55
540850202.307927, 55
540850233.385275, 55
540850264.837421, 55
540850295.960543, 55
540850326.985182, 55
540850360.126548, 55
540850405.327719, 55
540850436.236395, 55
540850467.488242, 55
540850498.740366, 55
540850529.830198, 55
540850560.985224, 55
540850592.257877, 55
540850623.465059, 55
540850654.608156, 55
540850701.559027, 55
540850732.782299, 55
540850763.809157, 55
540850795.420542, 55
540850826.355295, 55
540850857.597987, 55
540850888.645651, 55
540850920.067557, 55
540850966.594527, 55
540850997.948188, 55
540851029.131511, 55
540851060.276828, 55
540851091.589984, 55
540851122.680094, 55
540851153.918625, 55
540851182.595996, 55
540851216.329936, 55
540851263.240581, 55
540851294.411143, 55
540851325.441052, 55
540851356.944242, 55
540851388.161966, 55
540851419.111978, 55
540851450.259791, 55
540851481.614006, 55
540851512.873621, 55
540851559.636677, 55
540851590.843026, 55
540851621.942568, 55
540851653.066801, 55
540851684.266769, 55
540851715.526106, 55
540851746.811798, 55
540851777.95767, 55
540851824.624461, 55
540851856.144297, 55
540851887.19418, 55
540851918.411626, 55
540851949.524485, 55
540851980.722511, 55
540852011.795698, 55
540852043.203456, 55
540852074.300779, 55
540852120.988931, 55
540852152.165873, 55
540852183.594992, 55
540852214.725606, 55
540852245.916142, 55
540852277.194621, 55
540852308.300544, 55
540852339.724669, 55
540852372.238508, 55
540852417.764817, 55
540852448.786404, 55
540852480.097619, 55
540852511.194941, 55
540852542.275619, 55
540852573.50111, 55
540852604.740195, 55
540852635.889396, 55
540852682.607232, 55
540852713.904853, 55
540852745.05766, 55
540852776.411321, 55
540852807.781626, 55
540852838.730806, 55
540852870.070595, 55
540852901.16986, 55
540852932.284382, 55
540852979.127336, 55
540853010.304833, 55
540853041.415195, 55
540853072.7167, 55
540853103.845649, 55
540853134.949075, 55
540853166.503588, 55
540853197.407825, 55
540853228.968165, 55
540853275.550342, 55
540853306.764459, 55
540853338.217992, 55
540853369.207952, 55
540853400.354933, 55
540853431.398713, 55
540853462.93353, 55
540853493.87938, 55
540853540.762283, 55
540853571.758624, 55
540853603.085652, 55
540853634.265646, 55
540853665.743591, 55
540853696.823436, 55
540853727.994831, 55
540853759.183148, 55
540853790.404478, 55
540853837.076539, 55
540853868.215475, 55
540853899.796622, 55
540853930.772433, 55
540853962.30947, 55
540853994.727875, 55
540854025.907869, 55
540854056.430097, 55
540854087.070228, 55
540854133.469584, 55
540854164.799941, 55
540854195.850934, 55
540854227.101116, 55
540854258.199271, 55
540854289.480247, 55
540854320.576737, 55
540854353.391024, 55
540854398.676808, 55
540854429.885932, 55
540854460.945525, 55
540854492.212075, 55
540854523.544374, 55
540854554.652516, 55
540854585.959847, 55
540854617.337366, 55
540854648.212473, 55
540854695.090937, 55
540854726.222383, 55
540854757.379351, 55
540854788.523835, 55
540854820.001503, 55
540854851.306337, 55
540854882.348453, 55
540854913.717372, 55
540854944.677093, 55
540854991.336948, 55
540855022.576588, 55
540855053.991836, 55
540855085.000661, 55
540855116.122397, 55
540855147.328191, 55
540855178.536483, 55
540855209.852969, 55
540855256.550276, 55
540855287.774935, 55
540855318.944387, 55
540855350.526366, 55
540855381.963253, 55
540855412.742927, 55
540855443.989226, 55
540855475.06158, 55
540855506.216329, 55
540855552.911972, 55
540855584.40684, 55
540855615.3538, 55
540855646.655582, 55
540855677.99121, 55
540855708.992267, 55
540855740.37367, 55
540855771.697646, 55
540855802.695929, 55
540855849.482011, 55
540855880.663115, 55
540855911.953524, 55
540855943.167918, 55
540855974.467481, 55
540856005.567301, 55
540856036.594991, 55
540856068.658573, 55
540856114.663435, 55
540856145.794326, 55
540856176.991243, 55
540856208.281929, 55
540856239.396452, 55
540856272.147486, 55
540856303.612115, 55
540856333.264347, 55
540856365.488557, 55
540856411.158571, 55
540856442.205958, 55
540856473.399546, 55
540856504.54625, 55
540856536.053602, 55
540856566.94369, 55
540856598.509301, 55
540856629.424912, 55
540856660.902858, 55
540856707.470609, 55
540856738.812895, 55
540856769.878037, 55
540856801.135432, 55
540856832.418349, 55
540856863.472949, 55
540856894.559175, 55
540856925.892029, 55
540856972.850112, 55
540857003.810943, 55
540857035.063345, 55
540857066.123493, 55
540857097.392539, 55
540857128.565043, 55
540857159.813561, 55
540857191.09093, 55
540857222.218492, 55
540857268.989316, 55
540857300.258362, 55
540857331.673333, 55
540857362.638326, 55
540857394.091025, 55
540857424.979172, 55
540857456.307865, 55
540857487.403523, 55
540857518.736376, 55
540857565.48029, 55
540857596.641697, 55
540857627.753168, 55
540857659.1809, 55
540857690.358121, 55
540857721.369165, 55
540857752.727819, 55
540857783.752457, 55
540857830.68696, 55
540857861.685243, 55
540857893.036129, 55
540857924.069367, 55
540857955.416647, 55
540857986.727584, 55
540858017.779132, 55
540858049.068986, 55
540858080.289484, 55
540858127.001494, 55
540858158.189534, 55
540858189.433612, 55
540858220.686291, 55
540858251.830221, 55
540858283.086783, 55
540858314.198809, 55
540858346.465465, 55
540858376.688354, 55
540858423.377893, 55
540858454.56621, 55
540858485.756469, 55
540858517.099865, 55
540858548.268485, 55
540858579.439879, 55
540858610.569383, 55
540858641.848417, 55
540858688.805945, 55
540858719.756512, 55
540858750.984778, 55
540858782.360077, 55
540858813.480148, 55
540858845.035217, 55
540858876.176927, 55
540858907.39798, 55
540858938.468392, 55
540858985.050014, 55
540859016.41394, 55
540859047.496836, 55
540859078.603036, 55
540859109.885677, 55
540859141.054297, 55
540859172.222639, 55
540859203.490299, 55
540859234.501343, 55
540859281.2816, 55
540859312.547317, 55
540859344.064657, 55
540859375.206644, 55
540859406.422426, 55
540859437.389638, 55
540859468.504993, 55
540859499.77182, 55
540859546.491321, 55
540859578.101874, 55
540859609.181164, 55
540859640.163911, 55
540859671.434623, 55
540859702.535274, 55
540859733.782405, 55
540859765.006509, 55
540859796.239491, 55
540859842.996444, 55
540859874.242465, 55
540859905.652996, 55
540859936.688731, 55
540859967.968043, 55
540859999.138605, 55
540860030.276708, 55
540860061.453096, 55
540860092.708827, 55
540860139.43776, 55
540860170.52676, 55
540860203.017572, 55
540860233.432437, 55
540860262.700163, 55
540860295.598508, 55
540860326.724128, 55
540860359.510949, 55
540860404.646094, 55
540860435.771991, 55
540860467.024392, 55
540860498.133922, 55
540860529.44264, 55
540860560.763287, 55
540860591.828429, 55
540860622.923532, 55
540860654.311315, 55
540860700.963957, 55
540860732.229397, 55
540860763.283442, 55
540860794.731149, 55
540860825.825142, 55
540860857.538619, 55
540860888.268912, 55
540860919.516043, 55
540860950.793135, 55
540860997.527616, 55
540861028.63881, 55
540861059.787733, 55
540861090.944146, 55
540861122.358007, 55
540861153.480853, 55
540861184.545717, 55
540861215.885784, 55
540861262.654666, 55
540861293.708433, 55
540861324.932537, 55
540861356.584704, 55
540861387.517793, 55
540861418.529669, 55
540861449.825903, 55
540861480.912129, 55
540861512.113485, 55
540861558.947838, 55
540861590.502075, 55
540861621.628527, 55
540861652.723075, 55
540861683.814294, 55
540861714.906069, 55
540861746.164019, 55
540861777.339297, 55
540861808.582543, 55
540861855.854668, 55
540861886.579691, 55
540861917.796027, 55
540861949.046764, 55
540861980.53109, 55
540862011.535477, 55
540862042.463572, 55
540862074.006989, 55
540862120.53701, 55
540862151.851832, 55
540862182.97551, 55
540862214.152175, 55
540862245.323846, 55
540862276.455292, 55
540862307.864714, 55
540862339.388157, 55
540862370.266594, 55
540862417.066824, 55
540862448.078978, 55
540862479.369109, 55
540862510.699743, 55
540862541.812047, 55
540862573.115216, 55
540862604.135971, 55
540862635.418334, 55
540862666.538682, 55
540862713.413539, 55
540862744.488945, 55
540862775.925278, 55
540862807.031478, 55
540862838.224233, 55
540862869.695521, 55
540862900.756779, 55
540862931.84023, 55
540862981.975626, 55
540863010.231594, 55
540863041.078127, 55
540863072.351058, 55
540863103.507194, 55
540863134.703279, 55
540863165.813363, 55
540863196.910131, 55
540863228.193881, 55
540863274.990505, 55
540863306.120008, 55
540863337.663703, 55
540863368.607334, 55
540863399.705766, 55
540863430.987574, 55
540863462.227214, 55
540863493.291246, 55
540863524.795824, 55
540863571.308368, 55
540863602.657312, 55
540863633.811784, 55
540863664.904668, 55
540863696.185921, 55
540863727.378399, 55
540863758.751202, 55
540863789.854073, 55
540863836.594658, 55
540863867.869253, 55
540863899.009021, 55
540863930.296655, 55
540863961.413675, 55
540863992.60865, 55
540864024.116834, 55
540864055.028839, 55
540864086.234079, 55
540864132.950805, 55
540864164.197935, 55
540864195.213419, 55
540864226.526576, 55
540864257.770654, 55
540864289.347362, 55
540864320.384206, 55
540864351.505665, 55
540864382.680666, 55
540864429.508916, 55
540864460.726362, 55
540864491.868349, 55
540864523.931655, 55
540864555.501427, 55
540864585.424423, 55
540864616.450726, 55
540864647.877903, 55
540864694.46979, 55
540864725.752985, 55
540864756.997618, 55
540864788.161245, 55
540864819.341239, 55
540864850.880772, 55
540864881.913178, 55
540864912.942255, 55
540864944.165805, 55
540864990.82344, 55
540865020.872941, 55
540865053.450309, 55
540865084.449701, 55
540865115.588082, 55
540865147.118183, 55
540865178.244358, 55
540865209.284254, 55
540865240.506971, 55
540865287.330505, 55
540865318.398698, 55
540865349.767894, 55
540865381.096864, 55
540865411.954495, 55
540865443.143366, 55
540865474.529485, 55
540865505.624866, 55
540865552.35796, 55
540865583.635607, 55
540865614.801453, 55
540865646.036654, 55
540865677.224694, 55
540865708.501786, 55
540865739.616308, 55
540865770.699483, 55
540865802.031504, 55
540865848.850322, 55
540865879.906309, 55
540865911.567907, 55
540865942.745127, 55
540865973.714836, 55
540866005.051574, 55
540866036.068444, 55
540866067.384375, 55
540866098.458394, 55
540866145.383464, 55
540866176.563459, 55
540866207.659672, 55
540866238.875731, 55
540866270.143668, 55
540866301.239881, 55
540866332.763323, 55
540866363.827633, 55
540866410.646451, 55
540866441.652501, 55
540866472.867173, 55
540866504.303228, 55
540866535.359492, 55
540866566.409931, 55
540866597.750552, 55
540866628.774081, 55
540866660.070037, 55
540866706.936849, 55
540866738.150412, 55
540866769.239689, 55
540866800.432445, 55
540866831.738111, 55
540866862.740001, 55
540866894.277314, 55
540866925.283642, 55
new stimulus
