new stimulus
new stimulus
542411749.331066, 55
542412252.766519, 55
542412280.393572, 55
542412312.140617, 55
542412342.97106, 55
542412377.832164, 55
542412405.011458, 55
542412435.433814, 55
542412466.408793, 55
542412497.629014, 55
542412547.854849, 55
542412576.524453, 55
542412608.87711, 55
542412637.857704, 55
542412667.236953, 55
542412701.002796, 55
542412731.556649, 55
542412762.845116, 55
542412809.41897, 55
542412840.779843, 55
542412872.139052, 55
542412903.288253, 55
542412934.316775, 55
542412965.353897, 55
542412996.984147, 55
542413027.847603, 55
542413059.004571, 55
542413105.916603, 55
542413137.406477, 55
542413168.252178, 55
542413199.3151, 55
542413230.571386, 55
542413261.763587, 55
542413292.996569, 55
542413325.072358, 55
542413355.59625, 55
542413402.244731, 55
542413433.410299, 55
542413464.862167, 55
542415496.322912, 55
new stimulus
542453907.397147, 50
new stimulus
542481183.922628, 55
542481684.106142, 55
542481717.266096, 55
542481745.660775, 55
new stimulus
542528991.067849, 55
542529498.210767, 55
542531164.313898, 55
542531665.797689, 55
new stimulus
542552877.432538, 55
542553381.207001, 55
542553412.647217, 55
542553442.813234, 55
542553473.91888, 55
542553505.382122, 55
542553536.239197, 55
542553567.409204, 55
542553598.481559, 55
542553629.872671, 55
new stimulus
542583509.408345, 55
542584019.315772, 55
542584050.070756, 55
542584081.102884, 55
542584112.114761, 55
542584143.290317, 55
542584174.41982, 55
542584205.591215, 55
542584236.776202, 55
542584268.029159, 55
542584315.141211, 55
542584346.230489, 55
542584377.156087, 55
542584408.357166, 55
542584439.602077, 55
542584470.774858, 55
542586239.091288, 55
new stimulus
542616709.06412, 55
542617566.647126, 55
542618073.929033, 55
542618104.422409, 55
542618135.479505, 55
542618166.625654, 55
542618198.30695, 55
542618229.069979, 55
542618260.25247, 55
542618292.029199, 55
542618322.981985, 55
542618369.334734, 55
542618400.633187, 55
542618431.715252, 55
542618462.803142, 55
542618493.983691, 55
542618525.322925, 55
542618556.423022, 55
542618587.713708, 55
542618634.528087, 55
542618666.921802, 55
542618697.177981, 55
542618728.835419, 55
542618760.068123, 55
542618790.562608, 55
542618821.770622, 55
542618853.202238, 55
542618884.220218, 55
542618931.029603, 55
542618964.009788, 55
542618992.556217, 55
542619023.24351, 55
542619055.847788, 55
542619086.757296, 55
542619118.269087, 55
542619149.770336, 55
542619180.495913, 55
542619227.527514, 55
542619258.554648, 55
542619289.803443, 55
542619321.028103, 55
542619352.299646, 55
542619383.416943, 55
542619414.712068, 55
542619446.031882, 55
542619492.465916, 55
542619523.661446, 55
542619554.810647, 55
542619586.332425, 55
542619617.572897, 55
542619650.294802, 55
542619680.314618, 55
542619710.92784, 55
542619743.364832, 55
542619788.87089, 55
542619819.917444, 55
542619851.225608, 55
542619882.39395, 55
542619913.57977, 55
542619944.952573, 55
542619976.03547, 55
542620007.466253, 55
542620038.567737, 55
542620085.16323, 55
542620116.31687, 55
542620147.601452, 55
542620178.864673, 55
542620210.111526, 55
542620241.480167, 55
542620272.558625, 55
542620303.647902, 55
542620350.539682, 55
542620381.766561, 55
542620412.775941, 55
542620444.213105, 55
542620475.767896, 55
542620506.50568, 55
542620537.747817, 55
542620568.746655, 55
542620600.016811, 55
542620646.825087, 55
542620678.052243, 55
542620709.154282, 55
542620740.401135, 55
542620771.748969, 55
542620802.763343, 55
542620834.019073, 55
542620865.363579, 55
542620896.490031, 55
542620943.259745, 55
542620974.604528, 55
542621007.235716, 55
542621038.147443, 55
542621069.529678, 55
542621099.294821, 55
542621130.571358, 55
542621161.677003, 55
542621208.541041, 55
542621239.633925, 55
542621270.792003, 55
542621302.156205, 55
542621333.309012, 55
542621364.368605, 55
542621395.596871, 55
542621426.76022, 55
542621458.20321, 55
542621505.059757, 55
542621536.045279, 55
542621567.07824, 55
542621598.304286, 55
542621629.657114, 55
542621660.91978, 55
542621692.590534, 55
542621723.393235, 55
542621754.422589, 55
542621801.39926, 55
542621832.389498, 55
542621863.491814, 55
542621894.829384, 55
542621926.099263, 55
542621957.188818, 55
542621988.279759, 55
542622019.472793, 55
542622066.197564, 55
542622097.564541, 55
542622128.650767, 55
542622161.516376, 55
542622191.342552, 55
542622222.394932, 55
542622253.635959, 55
542622284.784328, 55
542622315.884979, 55
542622362.88967, 55
542622394.012238, 55
542622425.131477, 55
542622456.378884, 55
542622487.416007, 55
542622518.717512, 55
542622549.917758, 55
542622581.147411, 55
542622612.448361, 55
542622659.324327, 55
542622690.274339, 55
542622722.813978, 55
542622752.82353, 55
542622783.976059, 55
542622814.924961, 55
542622846.450068, 55
542622877.509939, 55
542622924.322653, 55
542622955.435512, 55
542622986.658506, 55
542623017.759158, 55
542623049.197432, 55
542623080.492556, 55
542623111.581834, 55
542623142.832293, 55
542623173.960687, 55
542623221.003662, 55
542623252.095436, 55
542623284.060257, 55
542623315.045223, 55
542623345.680361, 55
542623376.704722, 55
542623408.069479, 55
542623439.00673, 55
542623470.624773, 55
542623517.07462, 55
542623548.471835, 55
542623579.800528, 55
542623611.0754, 55
542623642.04067, 55
542623673.155193, 55
542623704.918883, 55
542623736.761638, 55
542623782.492685, 55
542623813.555884, 55
542623844.822157, 55
542623876.100913, 55
542623907.126384, 55
542623938.532199, 55
542623969.89557, 55
542624000.748206, 55
542624031.849968, 55
542624078.689037, 55
542624110.007742, 55
542624141.082594, 55
542624172.258149, 55
542624203.465886, 55
542624234.658364, 55
542624265.891624, 55
542624297.203393, 55
542624328.530699, 55
542624375.099282, 55
542624418.169298, 55
542624435.184966, 55
542624473.471953, 55
542624497.496406, 55
542624535.755928, 55
542624561.374724, 55
542624594.374883, 55
542624638.975991, 55
542624671.997512, 55
542624702.784677, 55
542624733.899477, 55
542624765.834059, 55
542624796.666998, 55
542624827.490228, 55
542624859.00729, 55
542624890.074928, 55
542624936.932585, 55
542624968.037121, 55
542624999.462633, 55
542625030.718919, 55
542625061.493045, 55
542625092.90219, 55
542625124.000899, 55
542625155.122913, 55
542625186.31872, 55
542625233.355036, 55
542625269.534172, 55
542625295.738606, 55
542625325.513736, 55
542625358.033955, 55
542625389.620095, 55
542625420.562617, 55
542625451.487938, 55
542625498.664075, 55
542625529.725333, 55
542625560.68977, 55
542625592.047869, 55
542625623.553002, 55
542625654.365135, 55
542625685.412799, 55
542625717.643667, 55
542625749.407357, 55
542625794.814098, 55
542625825.799619, 55
542625857.390198, 55
542625890.397015, 55
542625920.257314, 55
542625950.858884, 55
542625981.906548, 55
542626013.10402, 55
542626044.302324, 55
542626091.243762, 55
542626122.227619, 55
542626153.44673, 55
542626184.52824, 55
542626215.846112, 55
542626246.9365, 55
542626278.24716, 55
542626309.596659, 55
542626356.532826, 55
542626387.596858, 55
542626418.837608, 55
542626450.1749, 55
542626481.250029, 55
542626512.620612, 55
542626543.53872, 55
542626574.602197, 55
542626606.034923, 55
542626652.669255, 55
542626683.936915, 55
542626715.323311, 55
542626746.35433, 55
542626777.784281, 55
542626808.627208, 55
542626839.875171, 55
542626871.037133, 55
542626902.315057, 55
542626949.447084, 55
542626980.28252, 55
542627011.419514, 55
542627042.608941, 55
542627074.104364, 55
542627105.29712, 55
542627136.201079, 55
542627167.555017, 55
542627214.375777, 55
542627245.689766, 55
542627276.813166, 55
542627307.912986, 55
542627339.45668, 55
542627370.221374, 55
542627401.513724, 55
542627432.700654, 55
542627463.885087, 55
542627510.807106, 55
542627541.931061, 55
542627573.392638, 55
542627604.467767, 55
542627635.517373, 55
542627666.658528, 55
542627697.812723, 55
542627730.673893, 55
542627760.401862, 55
542627807.222344, 55
542627838.266124, 55
542627869.470254, 55
542627900.873018, 55
542627931.973392, 55
542627963.09707, 55
542627994.541725, 55
542628025.432923, 55
542628072.130508, 55
542628103.370148, 55
542628134.780402, 55
542628165.780627, 55
542628197.02637, 55
542628228.636923, 55
542628259.694297, 55
542628290.753336, 55
542628322.238771, 55
542628369.013202, 55
542628399.788438, 55
542628430.996729, 55
542628462.263556, 55
542628493.466022, 55
542628524.620771, 55
542628555.895643, 55
542628586.921391, 55
542628618.196264, 55
542628665.006759, 55
542628696.234192, 55
542628727.447477, 55
542628758.79337, 55
542628789.982519, 55
542628821.019364, 55
542628852.333353, 55
542628883.494205, 55
542628930.321068, 55
542628961.648651, 55
542628992.816993, 55
542629023.891845, 55
542629055.009697, 55
542629086.342828, 55
542629117.483706, 55
542629148.583803, 55
542629179.843972, 55
542629226.598428, 55
542629257.780087, 55
542629289.035262, 55
542629320.586447, 55
542629351.406625, 55
542629382.756957, 55
542629413.850395, 55
542629445.437368, 55
542629476.515825, 55
542629523.086073, 55
542629554.387856, 55
542629585.499882, 55
542629616.536172, 55
542629647.859316, 55
542629679.067884, 55
542629710.376048, 55
542629743.694687, 55
542629789.402707, 55
542629819.645294, 55
542629850.786449, 55
542629881.94092, 55
542629913.185831, 55
542629944.289257, 55
542629975.945307, 55
542630007.6119, 55
542630038.282825, 55
542630084.823943, 55
542630115.810297, 55
542630147.224158, 55
542630178.268216, 55
542630209.387177, 55
542630240.605456, 55
542630271.977426, 55
542630303.144937, 55
542630334.898917, 55
542630381.577636, 55
542630412.318195, 55
542630443.338949, 55
542630474.824662, 55
542630505.723905, 55
542630537.016256, 55
542630568.222882, 55
542630599.601233, 55
542630646.267192, 55
542630677.315688, 55
542630708.681832, 55
542630740.251327, 55
542630771.436037, 55
542630802.172157, 55
542630833.403474, 55
542630864.584856, 55
542630895.989284, 55
542630942.899096, 55
542630973.957857, 55
542631005.380596, 55
542631036.352524, 55
542631067.337213, 55
542631098.617357, 55
542631129.731047, 55
542631161.275574, 55
542631192.420336, 55
542631239.103772, 55
542631270.277108, 55
542631301.351959, 55
542631332.848215, 55
542631364.382199, 55
542631395.773589, 55
542631426.099679, 55
542631457.47803, 55
542631504.162021, 55
542631535.496261, 55
542631566.445996, 55
542631598.062097, 55
542631629.014605, 55
542631660.14827, 55
542631691.399562, 55
542631722.693577, 55
542631754.324382, 55
542631800.73206, 55
542631831.874048, 55
542631862.825169, 55
542631894.21212, 55
542631925.466741, 55
542631956.820401, 55
542631987.880272, 55
542632019.118525, 55
542632050.224448, 55
542632096.898451, 55
542632128.260989, 55
542632159.259827, 55
542632190.632075, 55
542632221.72801, 55
542632252.900237, 55
542632284.050824, 55
542632315.285193, 55
542632362.271296, 55
542632393.407458, 55
542632424.672621, 55
542632456.023785, 55
542632487.174372, 55
542632518.384051, 55
542632549.2783, 55
542632580.522657, 55
542632611.786155, 55
542632658.747013, 55
542632690.529012, 55
542632721.286771, 55
542632752.258976, 55
542632783.316905, 55
542632814.667236, 55
542632845.932676, 55
542632876.920695, 55
542632908.018295, 55
542632955.038521, 55
542632986.295638, 55
542633017.269231, 55
542633048.509981, 55
542633079.699962, 55
542633111.522465, 55
542633142.370386, 55
542633173.405011, 55
542633220.109531, 55
542633251.225164, 55
542633282.433178, 55
542633314.611613, 55
542633345.413481, 55
542633376.159866, 55
542633407.435293, 55
542633438.569235, 55
542633469.727591, 55
542633516.516169, 55
542633547.662041, 55
542633578.989069, 55
542633610.185431, 55
542633641.420077, 55
542633672.575104, 55
542633703.90879, 55
542633736.07807, 55
542633766.853584, 55
542633812.911433, 55
542633844.323352, 55
542633875.435933, 55
542633906.55323, 55
542633937.740992, 55
542633968.816953, 55
542634000.036342, 55
542634031.347279, 55
542634078.440745, 55
542634109.394363, 55
542634140.545228, 55
542634171.732158, 55
542634203.025895, 55
542634234.432543, 55
542634265.322909, 55
542634296.467948, 55
542634327.93119, 55
542634374.738356, 55
542634405.782691, 55
542634437.072267, 55
542634468.11688, 55
542634499.344868, 55
542634530.537069, 55
542634561.732044, 55
542634593.06573, 55
542634624.346428, 55
542634671.259569, 55
542634702.2032, 55
542634733.485563, 55
542634764.595647, 55
542634795.942095, 55
542634826.958688, 55
542634858.068217, 55
542634889.257921, 55
542634936.046222, 55
542634967.331082, 55
542634998.425353, 55
542635029.610341, 55
542635060.904078, 55
542635092.276049, 55
542635123.335365, 55
542635154.55503, 55
542635185.678985, 55
542635232.583249, 55
542635263.645062, 55
542635294.895244, 55
542635326.756586, 55
542635357.639184, 55
542635388.608893, 55
542635419.559737, 55
542635450.926713, 55
542635482.231825, 55
542635528.971855, 55
542635560.360748, 55
542635591.406193, 55
542635622.649994, 55
542635653.783936, 55
542635685.066299, 55
542635716.166951, 55
542635748.645279, 55
542635794.575515, 55
542635825.703077, 55
542635856.62063, 55
542635887.642216, 55
542635918.942057, 55
542635950.170878, 55
542635981.373065, 55
542636012.602718, 55
542636043.787984, 55
542636090.674492, 55
542636121.823416, 55
542636152.841395, 55
542636184.139294, 55
542636215.405844, 55
542636246.610251, 55
542636277.872085, 55
542636308.929737, 55
542636340.251771, 55
542636386.901084, 55
542636418.140169, 55
542636450.122745, 55
542636480.904639, 55
542636511.78585, 55
542636542.876792, 55
542636574.207981, 55
542636605.321949, 55
542636652.246742, 55
542636683.354052, 55
542636714.692731, 55
542636745.904074, 55
542636777.402826, 55
542636808.264618, 55
542636839.543929, 55
542636870.51336, 55
542636901.69058, 55
542636948.92775, 55
542636979.765961, 55
542637010.964543, 55
542637041.991677, 55
542637073.363648, 55
542637104.48788, 55
542637135.713927, 55
542637166.882269, 55
542637198.31333, 55
542637245.118554, 55
542637276.004481, 55
542637307.445252, 55
542637338.803352, 55
542637369.739492, 55
542637400.811292, 55
542637432.073126, 55
542637463.18959, 55
542637510.283056, 55
542637541.383707, 55
542637572.578405, 55
542637603.66685, 55
542637634.933955, 55
542637666.153066, 55
542637697.38688, 55
542637728.597113, 55
542637759.914709, 55
542637806.886386, 55
542637837.944315, 55
542637868.940101, 55
542637900.128696, 55
542637931.318677, 55
542637962.772487, 55
542637993.731376, 55
542638024.841737, 55
542638056.222585, 55
542638102.875505, 55
542638134.023041, 55
542638165.162531, 55
542638196.641864, 55
542638227.857923, 55
542638259.026265, 55
542638290.211253, 55
542638321.553817, 55
542638368.157633, 55
542638399.272156, 55
542638430.412201, 55
542638461.842707, 55
542638492.897585, 55
542638524.11725, 55
542638555.245089, 55
542638586.428135, 55
542638617.73075, 55
542638664.531258, 55
542638695.888802, 55
542638726.938131, 55
542638758.491535, 55
542638789.330855, 55
542638820.644012, 55
542638851.974369, 55
542638882.933536, 55
542638914.019761, 55
542638961.27857, 55
542638992.130374, 55
542639023.300936, 55
542639054.916483, 55
542639085.906166, 55
542639116.900288, 55
new stimulus
new stimulus
542690455.928629, 55
542690956.116582, 55
542690987.022761, 55
542691018.19582, 55
542691049.283988, 55
542691080.407943, 55
542691111.617066, 55
542691144.605019, 55
542691175.616063, 55
542691205.070771, 55
542691252.039119, 55
542691283.131726, 55
542691314.52367, 55
542691346.946515, 55
542691376.883382, 55
542691408.000401, 55
542691438.978155, 55
542691470.784568, 55
542691517.396151, 55
542691548.503461, 55
542691579.489815, 55
542691610.859289, 55
542691641.900295, 55
542691672.962385, 55
542691704.133224, 55
542691735.474955, 55
542691766.639692, 55
542691813.520374, 55
542691844.64211, 55
542691875.802685, 55
542691906.985453, 55
542691938.529425, 55
542691969.557115, 55
542692000.588689, 55
542692031.876323, 55
542692062.96449, 55
542692110.052962, 55
542692141.249879, 55
542692172.248994, 55
542692203.354362, 55
542692234.698868, 55
542692265.902443, 55
542692296.988114, 55
542692328.446917, 55
542692374.92728, 55
542692406.317838, 55
542692437.414883, 55
542692469.963677, 55
542692500.02039, 55
542692531.033376, 55
542692562.147899, 55
542692593.338158, 55
542692624.675728, 55
542692671.510914, 55
542692702.523345, 55
542692733.921671, 55
542692764.982373, 55
542692796.167916, 55
542692827.491892, 55
542692858.792011, 55
542692889.912082, 55
542692921.084031, 55
542692967.926429, 55
542692999.036791, 55
542693030.4132, 55
542693061.457257, 55
542693092.542096, 55
542693123.791723, 55
542693154.877949, 55
542693186.142835, 55
542693233.193299, 55
542693264.240686, 55
542693295.909775, 55
542693327.151912, 55
542693358.064194, 55
542693389.010045, 55
542693420.231375, 55
542693451.429124, 55
542693483.959608, 55
542693529.355252, 55
542693560.614589, 55
542693591.731886, 55
542693622.931854, 55
542693654.192579, 55
542693685.491032, 55
542693716.532593, 55
542693747.897905, 55
542693778.992176, 55
542693826.348915, 55
542693857.259532, 55
542693888.36379, 55
542693919.444468, 55
542693950.727386, 55
542693981.886851, 55
542694012.912321, 55
542694044.183032, 55
542694090.956076, 55
542694122.222903, 55
542694153.599867, 55
542694184.677492, 55
542694215.733479, 55
542694246.882125, 55
542694278.257702, 55
542694309.439638, 55
542694340.765834, 55
542694387.436231, 55
542694418.689187, 55
542694449.928272, 55
542694480.973717, 55
542694512.271338, 55
542694543.344525, 55
542694574.582778, 55
542694605.918683, 55
542694637.25986, 55
542694684.016812, 55
542694714.902462, 55
542694746.424795, 55
542694777.335135, 55
542694808.697673, 55
542694839.783344, 55
542694870.946693, 55
542694902.278437, 55
542694948.986564, 55
542694980.170442, 55
542695011.378733, 55
542695042.59396, 55
542695073.711812, 55
542695105.137325, 55
542695136.259615, 55
542695167.851858, 55
542695198.542481, 55
542695245.482254, 55
542695276.633119, 55
542695307.773997, 55
542695339.012528, 55
542695370.126218, 55
542695401.265431, 55
542695432.670415, 55
542695463.973307, 55
542695495.125282, 55
542695542.21847, 55
542695573.048913, 55
542695604.235842, 55
542695635.638052, 55
542695666.561708, 55
542695698.900216, 55
542695730.41922, 55
542695760.224034, 55
542695807.11304, 55
542695838.194272, 55
542695869.462764, 55
542695900.657739, 55
542695931.742855, 55
542695962.857933, 55
542695994.236561, 55
542696025.43653, 55
542696056.614582, 55
542696103.518568, 55
542696134.756821, 55
542696166.084681, 55
542696197.030532, 55
542696228.275998, 55
542696259.368049, 55
542696290.763045, 55
542696322.106719, 55
542696353.191003, 55
542696399.767631, 55
542696430.939303, 55
542696462.409203, 55
542696493.616107, 55
542696524.682913, 55
542696555.97776, 55
542696587.044844, 55
542696618.150489, 55
542696664.947113, 55
542696696.239463, 55
542696727.300444, 55
542696758.724292, 55
542696789.897073, 55
542696821.022415, 55
542696852.323921, 55
542696883.453147, 55
542696914.518011, 55
542696961.76822, 55
542696992.561488, 55
542697023.850232, 55
542697055.902995, 55
542697086.637172, 55
542697117.524487, 55
542697148.526376, 55
542697179.747429, 55
542697211.007598, 55
542697258.043915, 55
542697289.07743, 55
542697320.688261, 55
542697351.528136, 55
542697382.652369, 55
542697413.756349, 55
542697444.972963, 55
542697477.462944, 55
542697523.003401, 55
542697554.249977, 55
542697585.300693, 55
542697616.438797, 55
542697647.706456, 55
542697678.907535, 55
542697710.277285, 55
542697741.376827, 55
542697772.408956, 55
542697823.032614, 55
542697849.46703, 55
542697881.758932, 55
542697912.895648, 55
542697944.101998, 55
542697975.238437, 55
542698006.503322, 55
542698037.83146, 55
542698068.947647, 55
542698115.654386, 55
542698146.894304, 55
542698178.406372, 55
542698209.492043, 55
542698240.696728, 55
542698271.846761, 55
new stimulus
542733437.016783, 55
542733934.068482, 55
542733964.592097, 55
542733995.95075, 55
542734027.042802, 55
542734058.517973, 55
542734089.319009, 55
542734120.382209, 55
542734151.564145, 55
542734182.734985, 55
542734229.585983, 55
542734260.74101, 55
542734291.996463, 55
542734323.361775, 55
542734354.656899, 55
542734386.093509, 55
542734416.9037, 55
542734449.216408, 55
542734494.714975, 55
542734525.836156, 55
542734557.339347, 55
542734588.373972, 55
542734620.645066, 55
542734650.85991, 55
542734682.074305, 55
542734713.271777, 55
542734744.287537, 55
542734791.308041, 55
542734822.451415, 55
542734853.635016, 55
542734885.756303, 55
542734917.505012, 55
542734947.181102, 55
542734978.307277, 55
542735009.51751, 55
542735040.738008, 55
542735087.501619, 55
542735118.726556, 55
542735150.001428, 55
542735181.196403, 55
542735212.373624, 55
542735243.428778, 55
542735274.681457, 55
542735305.867277, 55
542735353.010956, 55
new stimulus
542766188.388564, 55
542766693.825339, 55
542766724.555632, 55
542766755.480953, 55
542767098.57075, 55
542767892.219677, 55
542768405.952751, 55
new stimulus
542803415.012238, 55
new stimulus
542835171.623131, 55
542836923.965334, 50
new stimulus
542875142.830629, 50
new stimulus
542908722.662506, 55
542909230.674032, 55
new stimulus
542952751.208657, 55
542953253.476164, 55
542953283.858016, 55
542953315.602286, 55
542953346.254624, 55
542953377.354444, 55
542953408.560238, 55
542953439.653955, 55
542953470.779297, 55
542953502.102163, 55
