new stimulus
new stimulus
541750074.830099, 55
541750576.329981, 55
541750608.346402, 55
541750637.435468, 55
541750668.08198, 55
541750699.643707, 55
541750738.489144, 55
541750768.442379, 55
541750797.259571, 55
541750826.051796, 55
541750873.217946, 55
541750902.91512, 55
541750933.310011, 55
541750967.029802, 55
541750995.628664, 55
541751026.707122, 55
541751057.88018, 55
541751089.489346, 55
541751138.641282, 55
541751170.533973, 55
541751202.074061, 55
new stimulus
541786286.139533, 55
541786798.489937, 55
541786829.892978, 55
541786859.841497, 55
541786890.92273, 55
new stimulus
541830827.139012, 50
new stimulus
541852979.36897, 55
541853489.092744, 55
541853518.357973, 55
new stimulus
541896075.603829, 55
541896575.259132, 55
541896605.331659, 55
541896636.615686, 55
541896667.519646, 55
541896698.721556, 55
new stimulus
541924980.361586, 55
541925481.110208, 55
541925511.911799, 55
541925543.525127, 55
541925574.526184, 55
541925606.546766, 55
541925636.18596, 55
541925667.810939, 55
541925698.830861, 55
new stimulus
541959732.699073, 55
541960237.874793, 55
541960269.636541, 55
541960299.676609, 55
541960330.888229, 55
541960361.693427, 55
541960393.360851, 55
new stimulus
new stimulus
542035460.285261, 55
542035959.962204, 55
542035990.361255, 55
542036024.218093, 55
542036053.734111, 55
542036084.326804, 55
542036114.935864, 55
542036146.167736, 55
542036177.549971, 55
542036208.753546, 55
542036255.460008, 55
542036286.480485, 55
542036317.616924, 55
542036349.069624, 55
542036380.191637, 55
542036411.629356, 55
new stimulus
542076940.679444, 55
542077439.87395, 55
542077470.472746, 55
542077501.892987, 55
542077533.892208, 55
542077563.926451, 55
new stimulus
542110134.916061, 55
542110636.58406, 55
542110667.24916, 55
542110698.490187, 55
542112184.078816, 50
new stimulus
542143944.157759, 55
542144441.32126, 55
new stimulus
542182454.588681, 50
new stimulus
542215964.784905, 55
542216466.557214, 55
542216497.36685, 55
542216528.195906, 55
542216559.183924, 55
542216590.496804, 55
542216621.521719, 55
542216652.630694, 55
542216683.983244, 55
542216715.119129, 55
542216761.937669, 55
542216793.839237, 55
542216824.807004, 55
542216855.527588, 55
542216886.662362, 55
542216918.043765, 55
542216949.343328, 55
542216980.640394, 55
542217026.992311, 55
542217058.438908, 55
542217089.892718, 55
542217121.359011, 55
542217151.905097, 55
542217183.187737, 55
542217214.669289, 55
542217245.75385, 55
new stimulus
542238413.520263, 55
new stimulus
542275210.215836, 50
542275714.875552, 50
542275745.508748, 50
542275777.257457, 50
542275807.789949, 50
542275838.79489, 50
542275869.896097, 50
542275901.174576, 50
542275932.531565, 50
542275963.631385, 50
542276010.259336, 50
542276041.663487, 50
542276072.865121, 50
542276103.935533, 50
542276135.209296, 50
542276166.215347, 50
