new stimulus
new stimulus
206224301.984005, 54
206231101.572755, 55
206231596.452393, 55
206231629.264933, 55
206231661.199435, 55
206231698.839658, 55
206231726.651959, 55
206231759.427602, 55
206231792.258452, 55
206231825.220799, 55
206231861.807931, 55
206231892.483773, 55
206231925.60425, 55
new stimulus
206259891.470076, 55
206260388.634, 55
206260420.627593, 55
206260453.627392, 55
206260486.264879, 55
206260519.052451, 55
206260551.994824, 55
206260585.151921, 55
206260619.62122, 55
new stimulus
206299864.20152, 55
206300369.227559, 55
206300398.773465, 55
206300429.998879, 55
206300461.287822, 55
206300493.427615, 55
206300539.592157, 55
206300570.099327, 55
206300601.134707, 55
206300632.306301, 55
206300664.947672, 55
206300694.860329, 55
206300726.023045, 55
206300758.032451, 55
new stimulus
206335648.982086, 55
206336156.769575, 55
new stimulus
206367419.704335, 55
206367916.615528, 55
new stimulus
new stimulus
206435508.288788, 55
new stimulus
new stimulus
206513668.353572, 55
206514164.861394, 55
206514197.065272, 55
206514230.31697, 55
206514262.968051, 55
206514295.938166, 55
206514329.195689, 55
new stimulus
new stimulus
206579901.513554, 50
new stimulus
206611849.24214, 50
206612346.814983, 50
new stimulus
206650784.669042, 50
206651285.13178, 50
206651315.70026, 50
206651346.771428, 50
206651378.043726, 50
206651408.867156, 50
206651440.076756, 50
206651471.331577, 50
206651502.69043, 50
new stimulus
new stimulus
206720079.190141, 50
206720576.15987, 50
206720608.713298, 50
206720642.499864, 50
206720674.532573, 50
206720707.315151, 50
206720740.363221, 50
206720773.501454, 50
206720806.21218, 50
206720839.163431, 50
206720872.13632, 50
206720905.109764, 50
206720938.607534, 50
206720971.755754, 50
206721004.715049, 50
206721038.143187, 50
206721070.781229, 50
206721104.070655, 50
206721136.747814, 50
206721172.093486, 50
206721203.067833, 50
206721235.88176, 50
206721269.33015, 50
206721302.330504, 50
206721334.806532, 50
new stimulus
