new stimulus
new stimulus
new stimulus
206914251.6329, 50
new stimulus
206952230.726998, 55
206952741.770856, 55
206952771.712365, 55
206952804.026102, 55
206952833.056282, 55
206952865.087881, 55
206952896.151281, 55
206952927.758703, 55
206952958.486978, 55
206952990.107994, 55
206953038.036934, 55
206953055.365213, 55
new stimulus
206986670.994621, 55
206987164.1573, 55
206987196.486849, 55
206987229.152356, 55
206987262.065045, 55
206987294.891456, 55
206987328.167011, 55
206987361.028932, 55
206987393.650606, 55
206987426.75749, 55
206987459.812496, 55
206987492.800644, 55
206987526.309788, 55
206987558.809119, 55
206987591.660498, 55
206987624.856712, 55
206987657.963873, 55
206987691.007504, 55
206987723.737928, 55
206987756.690843, 55
206987789.663454, 55
206987823.18425, 55
206987855.829228, 55
206987888.718336, 55
206987921.675412, 55
206987955.453378, 55
new stimulus
207031221.798754, 50
207031731.338712, 50
207031761.909966, 50
207031793.846133, 50
207031824.236786, 50
207031855.182837, 50
207031886.491477, 50
207031917.84173, 50
207031948.907903, 50
207031979.926361, 50
207032027.513241, 50
207032046.560699, 50
207032079.269206, 50
207032112.264289, 50
207032145.33372, 50
207032178.374855, 50
207032211.43541, 50
207032244.970354, 50
207032277.696061, 50
207032310.435639, 50
207032343.644614, 50
207032378.01959, 50
207032410.504495, 50
207032442.511404, 50
207032475.467648, 50
207032508.43388, 50
207032541.514131, 50
new stimulus
207061520.912005, 55
207062016.646655, 55
207062047.689525, 55
207062067.53873, 55
207062100.0511, 55
207062133.219294, 55
new stimulus
207087874.126816, 55
207088369.187056, 55
207088401.258881, 55
new stimulus
new stimulus
207165819.200483, 55
207166321.089443, 55
207166350.22976, 55
207166397.056506, 55
207166428.397327, 55
207166459.181363, 55
207166490.455048, 55
207166521.534815, 55
207166552.897275, 55
207166584.00423, 55
207166615.448806, 55
207166646.407618, 55
207166693.224654, 55
207166724.457558, 55
new stimulus
207205035.529047, 50
207205530.902772, 50
207205563.752209, 50
207205596.456277, 50
207205629.263546, 50
207205662.329649, 50
new stimulus
207237364.928919, 55
207237873.890454, 55
207237905.103383, 55
207237935.743716, 55
207237967.042091, 55
207237998.187052, 55
207238029.755636, 55
207238062.500762, 55
207238094.13454, 55
207238124.81066, 55
207238156.116803, 55
207238203.141073, 55
207238233.98531, 55
207238265.215162, 55
207238296.266077, 55
207238327.752822, 55
207238358.910267, 55
207238390.536832, 55
207238421.362204, 55
207238454.502656, 55
207238501.250337, 55
207238530.370401, 55
207238561.450169, 55
207238592.747712, 55
207238623.82415, 55
207238655.585264, 55
207238686.684728, 55
207238717.527301, 55
207238764.417853, 55
207238795.540066, 55
207238827.118637, 55
207238858.094094, 55
207238889.212701, 55
207238920.357662, 55
207238951.425223, 55
207238982.91918, 55
207239014.111581, 55
207239047.530563, 55
207239080.857719, 55
207239127.127126, 55
207239158.391101, 55
207239189.475585, 55
207239220.899909, 55
207239251.964141, 55
207239283.194826, 55
207239314.481272, 55
207239345.529413, 55
207239378.180494, 55
207239423.533857, 55
207239454.846103, 55
207239487.342938, 55
207239518.245988, 55
207239549.856462, 55
207239579.683673, 55
207239610.727653, 55
207239641.875389, 55
207239688.740974, 55
207239720.064317, 55
207239751.159897, 55
207239782.24882, 55
207239813.432343, 55
207239844.651375, 55
207239876.179178, 55
207239907.164622, 55
new stimulus
207279478.070691, 55
207279974.762721, 55
207280007.404647, 55
207280054.231116, 55
207280085.832435, 55
207280116.232798, 55
207280147.336979, 55
207280178.665038, 55
207280209.920136, 55
207280241.303679, 55
207280272.198962, 55
207280319.547259, 55
207280350.43949, 55
207280382.960738, 55
207280412.662277, 55
new stimulus
new stimulus
207344346.583059, 55
207344835.845196, 55
207344882.091577, 55
207344913.052886, 55
207344944.123776, 55
new stimulus
207379497.264072, 55
207379995.142355, 55
207380028.398214, 55
207380061.059282, 55
207380093.906777, 55
207380126.826679, 55
207380159.777097, 55
207380192.742219, 55
207380225.606914, 55
207380258.6253, 55
207380291.734681, 55
207380324.927287, 55
207380357.887693, 55
207380390.906634, 55
207380423.706413, 55
207380456.647953, 55
207380489.545661, 55
207380523.291446, 55
207380555.928378, 55
207380588.774209, 55
207380621.811182, 55
207380654.782962, 55
207380687.838245, 55
207380720.739282, 55
207380753.645868, 55
207380787.059857, 55
207380819.992243, 55
207380852.883015, 55
207380885.746601, 55
207380918.885111, 55
207380952.014465, 55
207380985.763302, 55
207381024.359795, 55
207381050.67097, 55
207381083.471858, 55
207381116.460838, 55
207381149.313604, 55
207381182.573347, 55
207381215.334564, 55
207381248.468357, 55
207381281.2612, 55
207381314.510401, 55
207381347.521297, 55
207381380.581574, 55
207381413.388288, 55
207381446.709341, 55
207381479.580972, 55
207381512.658449, 55
207381545.855217, 55
207381578.711034, 55
207381611.498051, 55
207381645.337604, 55
207381677.332307, 55
207381710.524636, 55
207381743.399041, 55
207381776.330595, 55
207381809.391426, 55
207381842.634801, 55
207381875.427644, 55
207381908.44936, 55
207381941.257183, 55
207381974.588501, 55
207382007.865444, 55
207382040.898533, 55
207382073.56404, 55
207382106.476729, 55
207382139.372218, 55
207382172.428888, 55
207382205.337416, 55
207382238.394364, 55
207382271.414415, 55
207382304.549318, 55
207382337.617917, 55
207382370.6216, 55
207382403.361179, 55
207382436.39732, 55
207382469.549701, 55
207382502.759785, 55
207382535.506576, 55
207382568.508317, 55
207382601.545013, 55
207382634.618884, 55
207382667.592883, 55
207382700.446204, 55
207382733.613565, 55
207382766.485751, 55
207382799.460027, 55
207382832.660124, 55
207382865.476271, 55
207382898.517128, 55
207382931.582953, 55
207382964.468178, 55
207382997.412493, 55
207383036.13327, 55
207383063.680912, 55
207383095.17043, 55
207383129.521271, 55
207383162.575167, 55
207383195.436533, 55
207383228.847747, 55
207383261.497996, 55
207383294.496408, 55
207383327.527278, 55
207383360.462993, 55
207383393.457799, 55
207383426.543876, 55
207383459.329229, 55
207383492.431119, 55
207383525.918069, 55
207383558.600499, 55
207383591.869951, 55
207383625.277559, 55
207383659.701639, 55
207383691.028866, 55
207383723.4741, 55
207383756.332692, 55
207383789.37244, 55
207383822.390549, 55
207383855.511303, 55
207383888.462831, 55
207383921.379681, 55
207383954.371435, 55
207383987.605933, 55
207384020.734733, 55
207384053.703738, 55
207384086.528207, 55
207384119.585432, 55
207384152.48536, 55
207384196.782858, 55
207384227.981639, 55
207384259.123271, 55
207384290.231058, 55
207384321.409587, 55
207384352.832247, 55
207384383.801046, 55
207384430.633063, 55
207384461.959458, 55
207384493.123007, 55
207384524.534293, 55
207384555.635144, 55
207384586.719628, 55
207384618.051294, 55
207384649.209571, 55
207384680.323739, 55
207384727.383796, 55
207384758.711301, 55
207384789.710616, 55
207384820.828668, 55
207384852.010526, 55
207384883.280882, 55
207384914.363423, 55
207384945.49174, 55
207384992.277427, 55
207385023.692042, 55
207385043.375904, 55
207385076.149882, 55
207385109.289224, 55
207385142.190262, 55
207385175.165648, 55
207385208.175434, 55
207385241.192433, 55
207385274.143961, 55
207385307.131554, 55
207385340.070598, 55
207385373.154455, 55
207385406.131229, 55
207385439.132692, 55
207385472.237357, 55
207385505.370595, 55
207385538.260813, 55
new stimulus
207405011.785959, 55
207405494.354479, 55
207405526.905411, 55
207405559.967353, 55
207405593.199908, 55
207405625.864582, 55
207405658.610264, 55
207405691.633921, 55
207405724.849831, 55
207405757.963373, 55
207405790.746784, 55
207405823.715789, 55
207405856.786886, 55
207405889.786962, 55
207405922.661922, 55
207405955.599301, 55
207405988.630172, 55
207406026.204368, 55
207406055.834332, 55
207406102.317076, 55
207406133.440954, 55
207406164.800639, 55
207406195.792464, 55
207406227.068646, 55
207406258.340111, 55
207406289.515866, 55
207406320.631976, 55
207406351.795802, 55
207406399.133558, 55
207406429.881252, 55
207406461.254531, 55
207406492.498809, 55
207406523.694816, 55
207406554.635873, 55
207406585.816345, 55
207406617.113888, 55
207406648.418089, 55
207406695.054246, 55
207406726.248589, 55
207406757.56888, 55
207406788.743803, 55
207406819.952849, 55
207406851.346102, 55
207406882.264966, 55
207406913.476508, 55
207406960.413945, 55
207406991.519513, 55
207407022.876701, 55
207407043.084889, 55
207407077.905681, 55
207407110.479361, 55
207407143.740213, 55
207407176.295307, 55
207407209.358358, 55
207407242.303227, 55
207407275.225349, 55
207407308.375233, 55
207407341.290973, 55
207407374.298263, 55
207407407.306939, 55
207407440.275113, 55
207407473.278241, 55
207407506.193981, 55
207407539.223742, 55
207407572.312316, 55
207407604.189392, 55
207407638.328837, 55
207407671.301449, 55
207407704.290983, 55
207407737.615088, 55
207407770.537486, 55
207407803.510376, 55
207407836.159514, 55
207407869.272779, 55
207407902.282843, 55
207407935.413862, 55
207407968.64614, 55
207408001.508061, 55
207408035.189761, 55
207408067.655247, 55
207408100.357928, 55
207408133.398508, 55
207408166.368069, 55
207408199.49021, 55
207408232.395409, 55
207408265.344717, 55
207408298.466027, 55
207408331.639492, 55
207408364.631801, 55
207408397.395237, 55
207408430.445804, 55
207408463.664766, 55
207408496.302808, 55
207408529.238523, 55
207408562.507421, 55
207408595.490852, 55
207408628.355824, 55
207408661.43025, 55
207408694.355977, 55
207408727.248415, 55
207408760.26042, 55
207408793.183651, 55
207408826.94941, 55
207408859.4984, 55
207408892.30983, 55
207408925.758497, 55
207408958.9622, 55
207408991.308118, 55
207409024.926011, 55
207409057.971308, 55
