new stimulus
new stimulus
208193865.710137, 55
208194362.154152, 55
208194395.110397, 55
208194426.079195, 55
208194458.734438, 55
208194493.150472, 55
208194524.24522, 55
208194558.942282, 55
208194591.633311, 55
208194625.61962, 55
208194658.29983, 55
208194689.284719, 55
208194722.118066, 55
208194754.869573, 55
208194788.378995, 55
208194819.960339, 55
208194854.325605, 55
208194887.44747, 55
208194920.01144, 55
208194953.242331, 55
208194986.176104, 55
208195019.953237, 55
208195052.502782, 55
208195084.99712, 55
208195117.953087, 55
208195151.145416, 55
208195183.891375, 55
208195216.876471, 55
208195249.829663, 55
208195282.836398, 55
208208417.53185, 55
208208929.780271, 55
208208959.513436, 55
208208990.614565, 55
208209022.014199, 55
208209045.522589, 55
208209077.891255, 55
208209110.905202, 55
208209144.009867, 55
208209176.862633, 55
208209210.169537, 55
208209243.138543, 55
208209276.020715, 55
208209308.999708, 55
208209342.380961, 55
208209375.24732, 55
208209409.44336, 55
208209441.521011, 55
208209473.941832, 55
208209507.045942, 55
208209540.094844, 55
208209573.063572, 55
208209606.088617, 55
208209639.308133, 55
208209672.08988, 55
208209705.078304, 55
208209738.022064, 55
208209771.054599, 55
208209804.023605, 55
208209836.938236, 55
208209869.996293, 55
208209902.926182, 55
208209935.987569, 55
208209969.030091, 55
208210002.098136, 55
208210035.373969, 55
208210068.092185, 55
208210101.294779, 55
208210134.857744, 55
208210168.721709, 55
208210201.064021, 55
208210233.081471, 55
208210266.068232, 55
208210299.155141, 55
208210332.192392, 55
208210365.058197, 55
208210398.029977, 55
208210431.653418, 55
208210464.136105, 55
208210497.017722, 55
208210530.094367, 55
208210563.313884, 55
208210595.992707, 55
208210629.189475, 55
208210662.215074, 55
208210695.079769, 55
208210728.198027, 55
208210761.056342, 55
208210794.257826, 55
208210827.073695, 55
208210860.003029, 55
208210893.052209, 55
208210926.058111, 55
208210959.025175, 55
208210991.976703, 55
208211025.540499, 55
208211058.179928, 55
208211091.879938, 55
208211123.988661, 55
208211156.84753, 55
208211190.394958, 55
208211222.983619, 55
208211255.874392, 55
208211288.947985, 55
208211322.003546, 55
208211354.869628, 55
208211387.891344, 55
208211421.293958, 55
208211453.976942, 55
208211486.909051, 55
208211519.94547, 55
208211552.903378, 55
208211585.903177, 55
208211619.035029, 55
208211652.95004, 55
208211685.43661, 55
new stimulus
208238731.357299, 50
208239244.104523, 50
208239275.042806, 50
208239305.445665, 50
208239337.003152, 50
208239368.407225, 50
208239402.095583, 50
new stimulus
new stimulus
208305218.16315, 55
new stimulus
208339422.924085, 55
208350078.444987, 50
208350576.339638, 50
208350609.649317, 50
208350641.903963, 50
208350676.051176, 50
208350709.4119, 50
208350740.156265, 50
208350774.062677, 50
208350806.197199, 50
208350839.122095, 50
208350872.180152, 50
208350905.250694, 50
208350938.088757, 50
208350971.236976, 50
208351004.110549, 50
208351037.447969, 50
208351070.012495, 50
208351103.76244, 50
208351136.155242, 50
208351169.041576, 50
208351202.152899, 50
208351235.01149, 50
208351268.160819, 50
208351301.177819, 50
new stimulus
208383412.324101, 55
208383909.363185, 55
new stimulus
208418217.434087, 50
208418723.957922, 50
208418754.659288, 50
208418785.475505, 50
208418816.543066, 50
new stimulus
new stimulus
new stimulus
208522603.45589, 55
208523089.196721, 55
208523121.282418, 55
new stimulus
208548218.415048, 50
208548720.42968, 50
208548751.693101, 50
208548782.232452, 50
208548813.180167, 50
208548844.398367, 50
208548875.422096, 50
208548906.764858, 50
208548937.860439, 50
208548969.171576, 50
208549016.352034, 50
208549047.140231, 50
208549067.87552, 50
208549101.211831, 50
208549133.941699, 50
208549167.031383, 50
208549200.029517, 50
208549233.641585, 50
208549267.015625, 50
208549300.842971, 50
208549332.348858, 50
208549364.989951, 50
208549398.189771, 50
208549431.412339, 50
208549464.100872, 50
208549496.972225, 50
208549529.980624, 50
208549563.119966, 50
208549596.097572, 50
208549629.027461, 50
208549662.154874, 50
208549694.99682, 50
new stimulus
208588711.966394, 50
new stimulus
208624967.844948, 55
new stimulus
208657792.861843, 50
208658288.999863, 50
208658321.275038, 50
208658354.138624, 50
208658387.092926, 50
208658420.061099, 50
208658453.002639, 50
208658485.967484, 50
208658518.946199, 50
208658552.002037, 50
208658584.916113, 50
208658617.999693, 50
208658651.005873, 50
208658683.959065, 50
208658716.977174, 50
208658750.200852, 50
208658783.016721, 50
208658816.953649, 50
208658849.443826, 50
208658881.971177, 50
208658914.992337, 50
208658947.981872, 50
208658980.947548, 50
208659014.547409, 50
208659047.090573, 50
208659080.08954, 50
208659113.120133, 50
208659145.922686, 50
208659179.003769, 50
208659211.869851, 50
208659245.043039, 50
208659278.125509, 50
208659310.984656, 50
208659344.115953, 50
208659377.389012, 50
208659410.564141, 50
208659443.290403, 50
208659476.183672, 50
208659508.964031, 50
208659542.070638, 50
208659575.202212, 50
208659608.055533, 50
208659641.107487, 50
208659673.911427, 50
208659707.091827, 50
208659740.377647, 50
208659773.027896, 50
208659806.476008, 50
208659839.129863, 50
208659872.117733, 50
208659905.22212, 50
208659938.109563, 50
208659970.943742, 50
208660004.205427, 50
208660037.540905, 50
208660069.973933, 50
208660103.591272, 50
208660135.977138, 50
208660168.886775, 50
208660202.096582, 50
208660235.238976, 50
208660268.226568, 50
208660301.080444, 50
208660334.100772, 50
208660367.080042, 50
208660400.021028, 50
208660432.933717, 50
208660466.019794, 50
208660498.962444, 50
208660532.074877, 50
208660565.166225, 50
208660598.129682, 50
208660631.164159, 50
208660664.071022, 50
208660697.060834, 50
208660730.073671, 50
208660763.200807, 50
208660796.422266, 50
208660829.036727, 50
208660862.343354, 50
208660895.075164, 50
208660928.112138, 50
208660966.479758, 50
208660994.252666, 50
208661039.103064, 50
208661060.246993, 50
208661090.91368, 50
208661126.251862, 50
208661159.206719, 50
208661192.296403, 50
208661225.288434, 50
208661258.443034, 50
208661291.721919, 50
new stimulus
208696363.315715, 55
new stimulus
208732656.712148, 50
208733154.200655, 50
208733185.407759, 50
208733218.213363, 50
208733251.302214, 50
208733284.320046, 50
208733317.491291, 50
208733350.063307, 50
208733383.114429, 50
208733416.052086, 50
208733448.957839, 50
208733482.023387, 50
208733515.000715, 50
208733548.144496, 50
208733581.017236, 50
208733614.247295, 50
208733647.108384, 50
208733680.741813, 50
208733713.199531, 50
208733745.983774, 50
208733779.108967, 50
208733812.172018, 50
208733844.98872, 50
208733878.807189, 50
208733911.469366, 50
208733943.981181, 50
208733977.073084, 50
208734023.072283, 50
208734053.981714, 50
208734085.00683, 50
208734116.323792, 50
208734147.501767, 50
208734178.613715, 50
208734209.8358, 50
208734241.151652, 50
208734287.92014, 50
208734319.238767, 50
208734350.476665, 50
208734382.125423, 50
208734413.063428, 50
208734443.842471, 50
208734475.244047, 50
208734506.302176, 50
208734553.236006, 50
208734584.275548, 50
208734615.578362, 50
208734646.69142, 50
208734678.176222, 50
208734709.389429, 50
208734740.212027, 50
208734771.428563, 50
208734802.955811, 50
208734849.550355, 50
208734880.776601, 50
208734912.066931, 50
208734943.115628, 50
208734974.295267, 50
208735006.365982, 50
208735037.287897, 50
208735066.678447, 50
208735099.639408, 50
208735132.64642, 50
208735165.633735, 50
208735198.537824, 50
208735231.772876, 50
208735264.813456, 50
208735297.716435, 50
208735330.709299, 50
208735363.663601, 50
208735396.757168, 50
208735429.823549, 50
208735462.702947, 50
208735495.809831, 50
208735528.715029, 50
208735561.827184, 50
208735594.774828, 50
208735627.745775, 50
208735662.073589, 50
208735693.860781, 50
208735726.775689, 50
208735759.697255, 50
208735792.541144, 50
208735825.636376, 50
208735858.762679, 50
208735892.482109, 50
208735924.887117, 50
208735957.776225, 50
208735990.665611, 50
