new stimulus
new stimulus
207550750.835592, 55
207551244.723172, 55
207551273.96225, 55
207551307.321032, 55
207551339.299644, 55
207551376.631652, 55
207551404.84982, 55
207551437.877362, 55
new stimulus
207575436.857562, 55
207575934.974149, 55
207575966.978007, 55
new stimulus
new stimulus
207646694.210331, 55
207647191.463307, 55
207647224.790741, 55
207647256.782391, 55
new stimulus
207691466.05891, 55
207691970.673811, 55
207692001.180149, 55
207692032.677713, 55
207692064.3728, 55
207692095.4276, 55
207692126.618891, 55
207692158.466282, 55
207692189.159602, 55
207692220.24797, 55
207692267.169871, 55
207692298.695177, 55
new stimulus
207721685.568108, 55
207722193.316203, 55
207722224.021452, 55
207722255.07209, 55
207722286.622919, 55
207722317.530408, 55
207722349.889641, 55
207722379.548735, 55
207722410.827414, 55
207722442.446488, 55
207722489.056568, 55
207722519.974599, 55
207722551.156457, 55
207722582.292819, 55
207722613.863067, 55
207722645.011912, 55
207722676.092789, 55
207722707.37008, 55
207722754.01567, 55
207722785.322368, 55
207722816.502562, 55
207722847.54682, 55
207722878.709536, 55
207722909.974898, 55
207722941.234712, 55
207722972.353873, 55
207723003.728262, 55
207723050.855455, 55
207723081.802338, 55
207723112.950351, 55
207723145.468547, 55
207723176.002627, 55
207723206.51701, 55
207723237.691933, 55
207723268.660455, 55
207723300.040392, 55
207723346.962848, 55
207723377.908899, 55
207723409.050809, 55
207723440.382474, 55
207723471.60123, 55
207723502.903767, 55
207723534.664603, 55
207723565.101031, 55
207723612.196598, 55
207723643.468896, 55
207723674.700412, 55
207723706.861845, 55
207723736.687391, 55
207723768.123922, 55
207723799.078018, 55
207723830.358361, 55
207723861.877286, 55
207723893.962705, 55
207723932.097847, 55
207723969.862632, 55
207724000.376183, 55
207724032.1864, 55
207724063.834881, 55
207724093.942842, 55
207724125.057287, 55
207724171.853794, 55
new stimulus
207756005.962889, 55
207756491.760037, 55
new stimulus
new stimulus
207827764.999051, 55
207828270.747772, 55
207828301.124831, 55
207828332.726705, 55
207828364.17794, 55
207828394.61409, 55
207828441.745445, 55
207828472.981955, 55
207828505.603907, 55
207828535.607003, 55
207828566.517266, 55
207828597.495774, 55
207828629.362863, 55
207828659.92524, 55
207828690.88322, 55
207828737.827592, 55
207828770.447879, 55
207828799.962992, 55
207828831.309083, 55
207828862.472355, 55
207828893.706646, 55
207828924.931504, 55
207828956.486772, 55
207828987.325183, 55
207829035.049109, 55
207829066.21127, 55
207829087.159618, 55
207829120.856299, 55
207829161.376707, 55
207829193.796696, 55
207829225.160543, 55
207829254.693688, 55
207829286.037283, 55
207829332.71755, 55
207829363.934364, 55
207829395.378108, 55
207829426.224009, 55
207829457.473004, 55
207829488.840457, 55
207829519.817856, 55
207829550.959488, 55
207829582.212089, 55
207829629.195578, 55
207829660.366062, 55
207829691.424746, 55
207829722.553894, 55
207829753.883063, 55
207829786.750532, 55
207829816.518098, 55
207829847.447226, 55
207829878.673472, 55
207829925.716883, 55
207829956.646289, 55
207829988.227356, 55
207830019.176181, 55
207830049.493872, 55
207830075.79617, 55
207830114.632078, 55
207830154.338811, 55
207830186.035008, 55
207830209.283177, 55
207830255.884102, 55
207830287.123664, 55
207830318.907526, 55
207830351.185476, 55
207830381.673504, 55
207830413.174396, 55
207830443.18637, 55
207830474.682824, 55
207830505.645242, 55
207830552.301929, 55
207830583.454381, 55
207830614.655381, 55
207830646.432863, 55
207830676.026485, 55
new stimulus
207857974.074439, 55
207858470.489603, 55
207858501.511945, 55
207858531.887895, 55
new stimulus
207895781.813268, 55
207896277.943521, 55
207896311.929275, 55
207896344.914926, 55
207896377.795988, 55
207896410.500057, 55
207896443.456856, 55
207896476.549868, 55
207896511.084916, 55
207896542.083122, 55
207896575.54122, 55
207896608.524374, 55
207896641.471741, 55
207896674.598044, 55
207896707.734057, 55
207896740.854534, 55
207896773.78581, 55
207896807.038895, 55
207896839.484684, 55
207896872.457296, 55
207896905.38663, 55
207896938.612528, 55
207896971.538255, 55
207897004.582164, 55
207897037.653816, 55
207897070.666099, 55
207897103.660904, 55
207899082.576066, 55
207899581.090753, 55
207899613.671646, 55
207899646.670613, 55
207899679.563882, 55
207899712.667714, 55
207899745.659191, 55
207899778.782443, 55
207899812.021379, 55
207899844.739595, 55
207899877.501645, 55
207899910.680658, 55
207899943.564772, 55
207899976.625327, 55
207900010.377492, 55
207900043.133161, 55
207900091.914616, 55
207900109.15634, 55
207900154.076093, 55
207900185.099821, 55
207900216.328009, 55
207900247.443564, 55
207900278.742771, 55
207900310.147122, 55
207900341.218289, 55
207900387.899666, 55
207900419.079305, 55
207900451.168053, 55
207900484.096833, 55
207900514.833153, 55
207900546.225019, 55
207900577.254851, 55
207900608.345993, 55
207900639.70762, 55
207900670.673367, 55
207900717.367506, 55
207900749.349724, 55
207900780.219484, 55
207900810.946927, 55
207900842.594853, 55
207900873.606652, 55
207900904.704174, 55
207900935.773955, 55
207900967.070665, 55
207901014.456138, 55
207901045.451014, 55
207901066.195735, 55
207901099.091223, 55
207901133.376037, 55
207901180.114563, 55
207901211.283383, 55
207901242.569274, 55
207901273.705358, 55
207901304.956295, 55
207901336.165063, 55
207901367.381322, 55
207901398.739897, 55
207901429.693993, 55
207901476.608404, 55
207901507.598287, 55
207901539.149393, 55
207901570.07214, 55
207901601.348322, 55
207901632.694136, 55
207901663.893195, 55
207901694.800961, 55
207901726.178401, 55
207901772.906385, 55
207901804.173967, 55
207901835.27038, 55
207901866.530471, 55
207901897.822188, 55
207901928.915827, 55
207901960.098795, 55
207901991.124743, 55
207902038.391756, 55
207902069.621053, 55
207902100.57931, 55
207902131.91486, 55
207902162.867569, 55
207902194.219764, 55
207902225.03931, 55
207902256.530493, 55
207902287.563931, 55
207902334.38291, 55
207902365.591678, 55
207902396.94526, 55
207902433.392849, 55
207902459.647153, 55
207902490.721927, 55
207902521.614158, 55
207902552.857326, 55
207902584.03863, 55
207902630.877305, 55
207902661.976492, 55
207902693.361145, 55
207902724.30886, 55
207902755.568951, 55
207902787.241568, 55
207902818.192057, 55
207902849.270992, 55
207902896.035873, 55
207902927.31261, 55
207902958.369351, 55
207902989.59532, 55
207903021.759249, 55
207903048.249084, 55
207903080.085656, 55
207903112.256798, 55
207903145.477425, 55
207903178.402598, 55
207903211.381035, 55
new stimulus
207926666.920969, 55
207927163.681522, 55
207927195.89622, 55
207927228.885754, 55
207927262.743617, 55
207927294.441201, 55
207927327.579434, 55
207927361.258637, 55
207927394.295888, 55
207927427.445772, 55
207927460.547385, 55
207927492.158136, 55
207927525.877566, 55
207927568.884223, 55
207927599.970926, 55
207927631.489573, 55
207927663.50314, 55
new stimulus
new stimulus
208010174.770323, 50
208010686.264713, 50
208010716.557991, 50
208010747.752333, 50
208010778.825998, 50
208010809.901881, 50
208010841.389458, 50
208010872.432328, 50
208010903.492399, 50
208010934.943633, 50
208010981.448571, 50
208011012.786895, 50
208011044.147967, 50
208011066.748635, 50
208011099.967319, 50
208011132.932718, 50
208011165.831259, 50
208011199.207796, 50
new stimulus
208030836.087385, 55
new stimulus
208061160.590496, 55
208062747.987032, 55
208063247.872457, 55
208063280.152071, 55
208063313.07225, 55
208063345.892558, 55
208063378.900957, 55
208063411.851652, 55
208063444.981285, 55
208063477.858464, 55
208063510.74674, 55
