new stimulus
new stimulus
new stimulus
390795497.968999, 55
390795993.777166, 55
390796024.752901, 55
390796055.527782, 55
new stimulus
390833083.979262, 55
390833589.959352, 55
390833620.83355, 55
390833651.453908, 55
new stimulus
390864145.772601, 55
390864648.946576, 55
390864679.525598, 55
390864710.59843, 55
390864741.612171, 55
390864772.711358, 55
new stimulus
390905127.133229, 50
390905629.527096, 50
390905659.90915, 50
390905690.973936, 50
390905722.848238, 50
new stimulus
390939228.216892, 55
390939730.760566, 55
390939761.21253, 55
390939792.243471, 55
390939823.53713, 55
390939854.762821, 55
390939885.614826, 55
390939916.876582, 55
390939948.915116, 55
390939979.655598, 55
390940026.355008, 55
390940059.00803, 55
390940088.725383, 55
new stimulus
390978211.32777, 55
390978715.050207, 55
390978745.279401, 55
390978776.421034, 55
390978808.363026, 55
390978838.864371, 55
390978869.693072, 55
390978900.970918, 55
390978932.051518, 55
390978963.397332, 55
390979010.098129, 55
390979041.453098, 55
390979072.550898, 55
390979103.76577, 55
390979135.066642, 55
390979166.421888, 55
new stimulus
new stimulus
391047509.859547, 55
391048009.252272, 55
391048040.39862, 55
391048071.212341, 55
391048102.553439, 55
391048133.232611, 55
391048164.429727, 55
391048195.634057, 55
391048226.865851, 55
391048258.413628, 55
391048305.098612, 55
391048336.076566, 55
391048367.585781, 55
391048398.559296, 55
391048429.957543, 55
new stimulus
391073288.611196, 50
new stimulus
new stimulus
391143203.762773, 50
new stimulus
391172464.93591, 55
391172964.247905, 55
391172994.912373, 55
391173026.633816, 55
391173057.268045, 55
391173088.417168, 55
391173119.326044, 55
391173150.614987, 55
391173181.93833, 55
391173213.23615, 55
391173259.948322, 55
391173291.653396, 55
391173322.37529, 55
391173353.874241, 55
391173385.536316, 55
391173415.99355, 55
391173448.686799, 55
391173479.568488, 55
391173525.256975, 55
391173557.053321, 55
391173590.755273, 55
391173619.278882, 55
391173650.188313, 55
new stimulus
391221797.488118, 55
391222306.772016, 55
391222337.342993, 55
391222369.845376, 55
391222400.093435, 55
391222431.442578, 55
391222461.985813, 55
391222494.606655, 55
391222525.808211, 55
391222555.409323, 55
391222602.293218, 55
391222633.734188, 55
391222664.786491, 55
391222696.020227, 55
391222726.944638, 55
new stimulus
391262459.719283, 55
new stimulus
391286363.259121, 55
391286875.783576, 55
