new stimulus
new stimulus
392334825.55093, 55
392335334.626208, 55
392335364.724182, 55
392335395.79424, 55
392335426.82962, 55
392335458.903387, 55
392335491.16053, 55
392335520.088619, 55
392345595.248663, 55
392346097.660008, 55
392346127.991016, 55
new stimulus
392379914.224713, 50
392380418.214584, 50
392380448.132789, 50
392380479.054704, 50
392380510.312575, 50
392380541.38513, 50
392380572.057921, 50
392380603.37849, 50
392380634.742336, 50
392380665.720013, 50
392380712.421642, 50
new stimulus
392406082.808267, 55
392406593.583859, 55
392406624.264972, 55
392406655.144719, 55
392406687.008479, 55
392406717.383874, 55
392406748.67892, 55
392406779.699597, 55
392406810.961353, 55
392406842.619266, 55
392406889.132803, 55
392406920.29441, 55
392406952.020569, 55
392406983.034032, 55
392407015.653765, 55
new stimulus
392445150.189978, 55
392445655.538935, 55
392445686.314648, 55
392445717.058459, 55
392445748.456706, 55
392445780.165942, 55
392445810.828468, 55
392445841.889648, 55
392445872.97968, 55
392445904.133242, 55
392445951.226035, 55
new stimulus
392488750.630578, 55
392489257.19353, 55
392489287.701532, 55
392489318.826797, 55
392489350.55462, 55
392489381.376108, 55
392489413.631309, 55
392489444.458068, 55
392489474.689759, 55
392489505.752049, 55
392489552.738313, 55
392489584.654227, 55
392489615.349767, 55
392489646.188732, 55
392489677.472404, 55
392489708.686444, 55
392489740.133517, 55
392489771.662429, 55
392489818.48224, 55
392489849.750931, 55
392489880.374063, 55
392489911.534838, 55
392489942.968594, 55
392489973.78065, 55
392490005.201091, 55
392490036.47006, 55
392490067.380878, 55
392490114.291128, 55
new stimulus
392520277.622545, 55
392520785.001392, 55
392520815.116012, 55
392520846.644092, 55
392520877.403715, 55
392520908.466005, 55
392520939.785742, 55
392520971.666979, 55
392521002.021845, 55
392521033.145167, 55
392521080.350316, 55
392521111.161262, 55
392521142.425237, 55
392521173.595167, 55
392521204.758438, 55
392521235.938909, 55
392521267.194284, 55
392521298.781455, 55
392521345.296657, 55
392521376.222178, 55
392521408.461011, 55
392521439.569908, 55
392521470.225499, 55
392521502.68821, 55
392521532.605028, 55
392521564.176664, 55
392521594.860274, 55
392521642.096216, 55
392521673.228693, 55
392521703.688702, 55
392521735.562449, 55
392521766.339827, 55
392521799.923043, 55
392521829.581304, 55
392521859.885402, 55
392521891.141332, 55
392521937.985001, 55
392521969.027317, 55
392522000.190865, 55
392522031.455118, 55
392522062.741009, 55
392522095.768828, 55
392522126.909905, 55
392522156.91966, 55
new stimulus
392549868.648581, 55
392550377.362102, 55
392550407.996054, 55
392550439.091634, 55
392550470.25435, 55
392550501.420396, 55
392550532.403621, 55
392550563.693119, 55
392550594.620304, 55
392550626.00468, 55
392550672.954046, 55
392550704.097898, 55
392550735.128562, 55
392550766.366737, 55
392550797.546931, 55
392550828.737667, 55
392550859.836576, 55
392550891.746943, 55
new stimulus
new stimulus
392619316.410736, 55
392619828.084617, 55
392619858.731885, 55
392619890.376205, 55
392619920.860349, 55
392619951.901278, 55
392619982.969393, 55
392620014.265272, 55
392620045.498453, 55
392620076.611789, 55
392620123.451573, 55
392620154.762155, 55
392620185.899072, 55
392620216.986052, 55
392620248.279711, 55
392620279.609712, 55
392620310.676164, 55
392620342.611498, 55
392620389.876014, 55
392620420.149596, 55
392620451.166666, 55
392620482.273899, 55
392620513.643571, 55
392620544.688106, 55
392620575.959849, 55
392620607.084004, 55
392620638.562703, 55
new stimulus
392656450.988562, 50
392656957.304332, 50
392656987.507726, 50
392657018.980599, 50
392657048.690461, 50
392657079.680066, 50
392657111.334928, 50
392657142.074854, 50
392657173.913091, 50
392657204.374764, 50
392657251.107742, 50
new stimulus
392698054.822855, 50
new stimulus
392733493.538861, 55
392734003.316014, 55
392734034.123909, 55
392734065.220322, 55
392734096.249599, 55
392734127.49998, 55
392734158.735103, 55
392734189.870633, 55
392734221.147646, 55
392734252.379718, 55
392734299.002837, 55
392734330.478762, 55
392734361.307463, 55
392734392.854685, 55
392734423.844846, 55
392734455.30468, 55
392734486.123117, 55
392734517.812101, 55
392734564.22438, 55
392734595.460336, 55
392734626.732356, 55
392734657.838756, 55
392734688.911865, 55
392734720.321209, 55
392734751.242846, 55
new stimulus
new stimulus
392797353.434251, 50
392797853.763273, 50
392797884.28903, 50
392797915.597393, 50
392797946.680489, 50
392797977.674256, 50
392798009.025341, 50
392798040.460763, 50
392798071.387394, 50
392798102.715453, 50
new stimulus
392830444.47194, 55
392830941.456927, 55
392830971.708037, 55
392831002.798624, 55
392831034.066206, 55
392831065.326297, 55
392831096.346141, 55
392831127.435341, 55
392831158.55256, 55
392831189.913355, 55
392831236.832483, 55
392831267.821256, 55
392831299.441995, 55
392831330.508723, 55
392831361.605413, 55
392831392.491818, 55
392831424.011298, 55
392831455.114924, 55
392831501.893399, 55
392831533.209252, 55
392831564.211896, 55
392831595.540233, 55
392831626.534277, 55
392831657.697271, 55
392831689.566302, 55
392831720.232989, 55
392831751.31886, 55
392831798.261013, 55
392831829.459517, 55
392831860.5612, 55
392831891.810472, 55
392831923.232577, 55
392831954.268235, 55
392831985.469235, 55
392832017.046696, 55
new stimulus
392873731.130646, 55
392874231.594494, 55
392874261.611739, 55
392874292.634912, 55
392874323.727164, 55
392874354.925113, 55
392874385.996835, 55
392874417.069667, 55
392874448.249028, 55
392874479.582914, 55
392874526.361111, 55
392874557.49775, 55
392874588.623292, 55
392874619.789614, 55
392874651.165668, 55
392874682.199938, 55
392874713.4653, 55
392874745.052194, 55
392874791.840378, 55
392874822.766177, 55
392874854.007126, 55
392874885.104094, 55
392874921.730064, 55
392874945.844342, 55
