new stimulus
new stimulus
391608805.174348, 55
new stimulus
391650672.04466, 55
391651183.723258, 55
391651215.411132, 55
391651243.745817, 55
391651275.585441, 55
391651306.117302, 55
391651337.334948, 55
391651369.264179, 55
391651399.6196, 55
391651430.869704, 55
new stimulus
391676297.444285, 55
391676797.509202, 55
391676827.374142, 55
391676858.736879, 55
new stimulus
391716476.77125, 55
new stimulus
391748604.999739, 55
391749102.519316, 55
391749133.23372, 55
391749164.082396, 55
391749195.076718, 55
391749226.00862, 55
391749257.17633, 55
391749288.460834, 55
391749320.074914, 55
391749351.231805, 55
391749397.721484, 55
391749429.057311, 55
391749460.569856, 55
391749491.540319, 55
391749524.488241, 55
391749553.791681, 55
391749584.791828, 55
391749616.400638, 55
391749663.122796, 55
391749693.968975, 55
391749725.441848, 55
391749756.619268, 55
391749787.59639, 55
391749819.358336, 55
391749850.126004, 55
391749881.219643, 55
391749912.326043, 55
391749959.117556, 55
391749990.386525, 55
391750021.568938, 55
391750052.67839, 55
391750084.097166, 55
391750115.231585, 55
391750146.324669, 55
391750177.584483, 55
391750208.686721, 55
391750255.684359, 55
391750286.958043, 55
391750319.246812, 55
391750350.410083, 55
391750380.481148, 55
391750411.608354, 55
391750442.810187, 55
391750473.836135, 55
new stimulus
391784632.754336, 50
391785137.506283, 50
391785168.560805, 50
391785199.913555, 50
391785230.570255, 50
391785262.009006, 50
391785292.965876, 50
391785324.109727, 50
391785355.551252, 50
new stimulus
391815042.92565, 50
391815542.037625, 50
391815573.372897, 50
391815603.893383, 50
391815635.103539, 50
391815666.146409, 50
391815697.095234, 50
391815728.556733, 50
391815759.401802, 50
391815790.621112, 50
391815837.402916, 50
391815868.568961, 50
391815900.293456, 50
391815930.992601, 50
391815962.353396, 50
391815993.484764, 50
391816024.655803, 50
391816055.897862, 50
391816102.61253, 50
391816133.812421, 50
391816164.829768, 50
391816196.196389, 50
new stimulus
new stimulus
391889004.387137, 55
new stimulus
391930540.984256, 50
391931043.213058, 50
391931074.217367, 50
391931104.437961, 50
391931135.054435, 50
391931167.923014, 50
391931198.690405, 50
391931229.753527, 50
391931261.46526, 50
391931292.100599, 50
391931339.337651, 50
391931370.190211, 50
391931401.348211, 50
391931433.916065, 50
391931465.441094, 50
391931494.781985, 50
391931526.037915, 50
391931557.521608, 50
391931604.537833, 50
391931635.214785, 50
391931666.31841, 50
391931697.576282, 50
new stimulus
391953834.210908, 55
391954333.939591, 55
391954364.712808, 55
391954395.611142, 55
391954426.864852, 55
391954457.979297, 55
391954489.014955, 55
391954520.160471, 55
391954551.330678, 55
391954582.602698, 55
391954629.353986, 55
391954660.455669, 55
391954691.643354, 55
391954723.076001, 55
391954754.277556, 55
391954785.423905, 55
391954816.717286, 55
391954847.868351, 55
391954894.527257, 55
391954925.7732, 55
391954957.265493, 55
391954988.321402, 55
391955019.694681, 55
391955050.863501, 55
391955081.850332, 55
391955113.041345, 55
391955144.354146, 55
391955191.157867, 55
391955222.374125, 55
391955253.414776, 55
391955284.646571, 55
391955315.926081, 55
391955347.285489, 55
391955378.182159, 55
391955409.480257, 55
391955440.692909, 55
391955487.545455, 55
391955518.699294, 55
new stimulus
391995274.991483, 55
new stimulus
392036695.410733, 55
392037200.60156, 55
392037231.059904, 55
392037262.195988, 55
392037293.775945, 55
392037324.714505, 55
392037355.880828, 55
392037386.789982, 55
392037418.106112, 55
392037449.624482, 55
new stimulus
392063711.324719, 55
392064219.762205, 55
392064249.067865, 55
392064282.769262, 55
392064313.134392, 55
392064345.26725, 55
392064374.645871, 55
392064405.723142, 55
392064436.947723, 55
392064468.215305, 55
392064514.893076, 55
392064546.196722, 55
392064577.485943, 55
392064608.770724, 55
392064639.855763, 55
392064671.029576, 55
392064702.26997, 55
392064733.481513, 55
392064780.063296, 55
392064811.311181, 55
392064842.701382, 55
392064873.851892, 55
392064904.980763, 55
392064936.2919, 55
392064968.256363, 55
new stimulus
392105299.733287, 50
392105808.803016, 50
392105839.327664, 50
392105870.600516, 50
392105901.520489, 50
392105932.63327, 50
392105963.835658, 50
392105994.907935, 50
new stimulus
392140366.783756, 50
392140877.314385, 50
392140907.902008, 50
392140939.145454, 50
392140970.139775, 50
392141001.272253, 50
392141032.456053, 50
392141063.559679, 50
392141094.966803, 50
392141126.485174, 50
392141172.945446, 50
