new stimulus
new stimulus
393123956.422687, 55
393124457.498804, 55
393124488.200724, 55
393124519.058832, 55
393124549.872275, 55
393124582.435691, 55
393124614.40709, 55
393124643.184262, 55
393124675.329326, 55
393124705.599579, 55
393124752.095639, 55
393124783.629545, 55
393124814.333129, 55
393124848.588814, 55
393124875.437631, 55
393124908.940672, 55
393124939.294429, 55
393124970.361157, 55
393125017.487796, 55
393125048.935701, 55
393125079.763015, 55
393125110.73764, 55
393125142.11508, 55
393125173.297494, 55
393125204.254086, 55
393125235.510016, 55
393125267.007302, 55
393125313.639299, 55
393125345.320238, 55
393125376.1359, 55
393125407.106641, 55
393125438.514598, 55
393125470.254628, 55
393125501.453686, 55
393125531.87874, 55
393125563.122186, 55
393125609.944216, 55
393125641.250636, 55
393125672.44803, 55
393125703.543611, 55
393125734.860296, 55
393125766.145077, 55
393125798.243535, 55
393125829.671466, 55
393125875.361895, 55
393125906.187545, 55
393125937.493966, 55
393125969.203202, 55
393125999.716475, 55
393126030.947992, 55
new stimulus
393166902.787194, 50
393167403.310411, 50
393167433.574837, 50
393167464.396603, 50
new stimulus
393187414.632522, 55
393187916.43465, 55
393187947.238383, 55
393187978.366977, 55
393188009.416783, 55
393188040.764539, 55
393188073.430046, 55
393188103.806828, 55
393188134.172513, 55
393188165.346604, 55
393188212.129795, 55
393188243.150749, 55
393188274.618074, 55
393188305.606015, 55
393188337.264205, 55
393188368.051016, 55
393188399.247855, 55
new stimulus
393223685.041563, 50
393224186.306326, 50
393224216.918361, 50
393224248.111316, 50
393224279.163619, 50
393224310.299148, 50
393224341.588924, 50
393224372.4978, 50
393224404.125474, 50
393224435.194699, 50
393224481.969845, 50
393224513.078187, 50
393224544.521099, 50
393224575.475472, 50
393224606.861789, 50
393224638.029499, 50
393224668.95613, 50
393224701.045433, 50
393224746.938102, 50
393224778.339124, 50
393224809.381994, 50
393224840.654569, 50
393224871.763466, 50
393224902.93395, 50
393224934.524727, 50
393224965.584798, 50
new stimulus
393256946.414165, 55
393257445.085872, 55
393257475.931774, 55
393257506.869502, 55
393257538.038876, 55
393257570.327368, 55
393257600.717744, 55
393257631.894331, 55
393257662.949685, 55
393257694.578192, 55
393257740.90558, 55
393257771.752314, 55
393257803.255703, 55
393257834.369871, 55
new stimulus
393298735.029245, 55
393299236.973135, 55
393299267.97467, 55
393299298.890481, 55
393299330.418561, 55
393299361.108275, 55
393299394.679561, 55
393299425.313236, 55
393299454.810038, 55
393299486.011316, 55
393299533.033367, 55
393299564.108973, 55
393299595.004533, 55
393299626.968719, 55
393299657.951389, 55
393299688.665515, 55
393299719.726973, 55
393299751.403473, 55
393299798.246864, 55
393299829.164895, 55
393299860.18474, 55
393299891.440392, 55
393299922.684393, 55
393299953.886781, 55
393299985.253679, 55
393300016.320408, 55
393300047.589099, 55
393300094.446084, 55
393300125.516696, 55
393300156.653058, 55
393300187.745587, 55
393300219.010671, 55
393300250.149252, 55
393300281.35913, 55
393300312.617279, 55
393300344.048262, 55
393300390.781794, 55
393300421.810794, 55
new stimulus
393331441.7632, 55
393331934.396559, 55
393331965.056865, 55
393331996.182407, 55
393332027.434176, 55
393332058.496188, 55
393332089.564582, 55
393332120.836324, 55
393332152.040099, 55
393332183.306571, 55
393332230.009032, 55
393332261.266627, 55
393332292.318097, 55
393332323.89639, 55
393332355.279379, 55
393332386.110023, 55
393332418.513644, 55
393332449.535985, 55
393332496.991922, 55
393332526.367769, 55
393332557.484988, 55
393332588.843287, 55
393332620.255405, 55
393332651.162339, 55
393332682.245435, 55
new stimulus
new stimulus
393395070.440833, 55
393395566.598273, 55
393395596.956468, 55
393395628.28425, 55
393395659.47554, 55
393395690.43352, 55
393395721.669198, 55
393395752.872141, 55
393395783.916953, 55
393395815.213109, 55
393395862.07592, 55
393395893.11879, 55
new stimulus
393440665.733329, 50
393441164.915769, 50
393441195.615469, 50
393441226.663333, 50
393441257.674023, 50
393441288.980444, 50
393441320.083514, 50
393441352.057965, 50
393441382.34514, 50
393441413.661271, 50
393441460.677218, 50
393441491.735069, 50
393441522.809011, 50
393441554.758771, 50
393441585.245134, 50
393441616.464167, 50
393441647.48956, 50
new stimulus
393479287.549505, 55
393479790.315117, 55
393479820.764861, 55
393479851.769447, 55
393479883.094455, 55
393479914.153416, 55
393479945.270358, 55
393479976.362609, 55
393480007.613268, 55
393480038.835907, 55
393480085.62104, 55
393480116.814828, 55
393480148.011389, 55
393480179.091434, 55
393480210.404513, 55
393480241.772521, 55
393480272.921921, 55
393480304.18007, 55
393480352.449961, 55
393480382.227791, 55
393480413.2665, 55
393480444.541572, 55
393480476.082136, 55
393480506.931644, 55
393480538.441414, 55
393480569.307567, 55
393480600.44171, 55
393480647.31534, 55
393480678.444211, 55
393480709.583069, 55
393480741.044568, 55
393480772.169, 55
393480803.199664, 55
393480834.428961, 55
393480865.640227, 55
393480896.911969, 55
393480943.90711, 55
393480974.915303, 55
new stimulus
393506345.311915, 50
393506855.90219, 50
393506886.620477, 50
393506917.670283, 50
393506948.997511, 50
393506979.80596, 50
393507011.051625, 50
393507042.136109, 50
393507073.372065, 50
393507104.652962, 50
393507151.423392, 50
393507182.664618, 50
393507213.851748, 50
393507245.08271, 50
393507276.1364, 50
393507307.444762, 50
393507338.668511, 50
393507370.361934, 50
393507416.64327, 50
393507447.839555, 50
393507479.046936, 50
393507510.202162, 50
393507541.488331, 50
393507572.619144, 50
393507603.673666, 50
393507634.936254, 50
393507666.147519, 50
393507712.966774, 50
393507744.188304, 50
393507775.448673, 50
393507806.681022, 50
393507837.938061, 50
393507869.476683, 50
new stimulus
393539960.092414, 50
393540458.132156, 50
393540488.737811, 50
393540519.915786, 50
393540556.196922, 50
393540580.30787, 50
393540613.661104, 50
393540644.490638, 50
393540675.445011, 50
393540706.710096, 50
393540753.680546, 50
393540784.785281, 50
393540815.883358, 50
393540847.01861, 50
393540878.447928, 50
393540909.809278, 50
393540942.113028, 50
new stimulus
393575898.244701, 55
393576400.21661, 55
393576430.832252, 55
393576461.948639, 55
393576492.915496, 55
393576523.937005, 55
393576555.313058, 55
393576586.388942, 55
393576617.609639, 55
393576648.894698, 55
393576695.669844, 55
393576726.83478, 55
393576758.059084, 55
393576789.368278, 55
393576820.474678, 55
393576851.616033, 55
393576882.946034, 55
393576914.204461, 55
393576961.161318, 55
393576992.036626, 55
393577023.264536, 55
393577054.457769, 55
393577085.665982, 55
393577116.828699, 55
393577148.08768, 55
393577179.394656, 55
393577210.547662, 55
393577257.385228, 55
393577288.325175, 55
393577319.938146, 55
393577351.050926, 55
393577382.077706, 55
393577413.293133, 55
393577444.529643, 55
393577475.773644, 55
393577506.858405, 55
393577553.604976, 55
393577584.844261, 55
393577616.058578, 55
393577647.498993, 55
393577678.44754, 55
393577709.612753, 55
393577740.896702, 55
393577772.124058, 55
393577819.019604, 55
393577850.01781, 55
393577881.382212, 55
393577912.531334, 55
393577944.861994, 55
393577974.258092, 55
393578006.185381, 55
393578037.099528, 55
393578068.432304, 55
393578115.269869, 55
393578146.532735, 55
393578177.627205, 55
393578208.814057, 55
393578240.089129, 55
393578271.232981, 55
393578302.885346, 55
393578333.969275, 55
393578364.887583, 55
393578411.950969, 55
393578443.055982, 55
393578474.021452, 55
393578505.182781, 55
393578536.408472, 55
393578567.67328, 55
393578598.812415, 55
393578630.083048, 55
393578676.893427, 55
393578708.051704, 55
393578739.148949, 55
393578770.385182, 55
393578801.643054, 55
393578832.92839, 55
393578864.129114, 55
393578895.26492, 55
393578926.822129, 55
393578973.313473, 55
393579004.443176, 55
393579035.587028, 55
393579066.871532, 55
393579098.138559, 55
393579129.323192, 55
393579160.628225, 55
393579191.959336, 55
393579222.872928, 55
393579269.672765, 55
393579301.140644, 55
393579332.287548, 55
393579363.283534, 55
393579394.462896, 55
new stimulus
393610709.522591, 50
393611219.205698, 50
393611249.808579, 50
393611281.003476, 50
393611312.013334, 50
393611343.670137, 50
393611374.458612, 50
393611405.473463, 50
393611436.733277, 50
393611467.869361, 50
393611480.314473, 49
new stimulus
393650326.330761, 55
393650827.426574, 55
393650857.880757, 55
393650889.055958, 55
393650920.326591, 55
393650951.098976, 55
393650982.247266, 55
393651013.766191, 55
393651044.887849, 55
393651075.948197, 55
393651122.706143, 55
393651153.963737, 55
393651185.174447, 55
393651216.310809, 55
393651247.549539, 55
393651278.632358, 55
393651309.85361, 55
393651341.612782, 55
393651388.619852, 55
393651419.59087, 55
393651450.3197, 55
393651481.634165, 55
393651512.840437, 55
393651543.909108, 55
393651575.174747, 55
393651606.391283, 55
393651637.566206, 55
393651684.238983, 55
393651715.566488, 55
393651746.742243, 55
393651777.927153, 55
393651809.194457, 55
393651840.486452, 55
393651871.551516, 55
393651902.762504, 55
393651934.186551, 55
393651981.057407, 55
393652011.925779, 55
393652043.141206, 55
393652074.396858, 55
393652105.62033, 55
393652137.037441, 55
393652167.958247, 55
393652199.110144, 55
393652245.845618, 55
393652277.127348, 55
393652308.246232, 55
393652339.722157, 55
393652370.999448, 55
393652402.313081, 55
393652433.153712, 55
393652464.406035, 55
393652495.700527, 55
393652543.182819, 55
393652574.325561, 55
393652604.778357, 55
393652635.971867, 55
393652667.079376, 55
393652698.346681, 55
393652729.627301, 55
393652760.919018, 55
393652792.026805, 55
393652838.788357, 55
393652869.801266, 55
393652901.004763, 55
393652932.285939, 55
393652963.491933, 55
