new stimulus
new stimulus
110184895.066287, 50
110186840.853758, 55
110187428.589302, 55
110187933.703006, 55
110187963.109091, 55
110187997.361447, 55
110188273.867372, 55
110188931.516372, 55
110189481.848057, 55
110189984.31877, 55
110195694.430881, 55
new stimulus
110225362.310063, 50
new stimulus
new stimulus
110288731.527081, 50
110299785.099322, 55
110300326.006178, 55
110300848.625988, 55
110301402.413231, 55
new stimulus
110334974.048917, 55
110337371.213062, 55
new stimulus
110354923.172654, 55
110359035.464131, 55
110368536.152135, 50
110369046.769042, 50
110369077.11614, 50
110369108.304102, 50
110369139.515644, 50
110369170.443108, 50
110369201.75147, 50
110369232.808212, 50
110369263.885205, 50
110369295.089812, 50
110369342.384013, 50
110369373.541458, 50
110369405.684303, 50
110369435.767574, 50
110369466.840406, 50
110369498.009503, 50
110369529.411356, 50
110369560.759667, 50
110369607.436883, 50
110369638.363514, 50
110369669.64469, 50
110369701.606934, 50
110369732.133523, 50
110369763.151981, 50
110369794.355201, 50
110369825.511814, 50
110369856.913667, 50
110369903.550935, 50
110369934.987743, 50
110369965.914374, 50
110369997.25353, 50
110370029.416627, 50
110370384.070977, 50
110371057.666699, 50
new stimulus
new stimulus
new stimulus
110467444.739651, 55
new stimulus
new stimulus
new stimulus
new stimulus
110606660.19101, 55
new stimulus
110640387.69271, 50
new stimulus
110670820.962385, 55
new stimulus
110712733.179401, 50
