new stimulus
new stimulus
12777308.13746, 55
12777806.561712, 55
12777832.689718, 55
12777866.694242, 55
12777896.309698, 55
12777931.206684, 55
12777958.948443, 55
12777989.845859, 55
12778020.933308, 55
12778052.532875, 55
12778102.093747, 55
12778131.174614, 55
12778164.06696, 55
new stimulus
12812735.300743, 55
12813231.848246, 55
12813262.972592, 55
12813292.677378, 55
12813323.351193, 55
12813355.3508, 55
12813385.715014, 55
12813417.054361, 55
12813449.561648, 55
12813481.553487, 55
12813526.930859, 55
new stimulus
12847304.315717, 55
12847816.852621, 55
12847846.097999, 55
12847877.15299, 55
12847908.839944, 55
12847941.294521, 55
new stimulus
12886656.305293, 55
12887158.258332, 55
12887189.146593, 55
12887219.839273, 55
12887252.199804, 55
12887281.886835, 55
new stimulus
12925721.589518, 55
12926219.929435, 55
12926250.589656, 55
12926281.753119, 55
12926312.821426, 55
new stimulus
12953398.148995, 55
12953910.459247, 55
12953940.406221, 55
12953971.46565, 55
12954002.621899, 55
12954033.592554, 55
12954064.736875, 55
12954095.949995, 55
12954127.179761, 55
12954158.242519, 55
12954205.092716, 55
12954236.317488, 55
12954267.457092, 55
12954298.793942, 55
12954330.201812, 55
12954361.397732, 55
12954393.878664, 55
12954424.884551, 55
12954470.472485, 55
12954501.575192, 55
12954532.662364, 55
12954564.191189, 55
12954595.170444, 55
12954626.409919, 55
12954657.708485, 55
new stimulus
12989348.319304, 55
new stimulus
new stimulus
13059316.245903, 50
13059816.918647, 50
13059847.560559, 50
13059878.668537, 50
13059910.13522, 50
13059940.835667, 50
13059972.05933, 50
13060003.259134, 50
13060034.419545, 50
13060065.846279, 50
new stimulus
13094421.42179, 50
new stimulus
13125882.311344, 55
13126381.34814, 55
13126411.946497, 55
new stimulus
13157168.734558, 55
13157674.757631, 55
13157705.203129, 55
13157736.693393, 55
13157767.796377, 55
13157798.754826, 55
13157830.075308, 55
13157861.205202, 55
13157894.465963, 55
13157923.946593, 55
13157970.820093, 55
13158001.920303, 55
13158032.462344, 55
13158063.684619, 55
new stimulus
13204279.805628, 55
13204786.15689, 55
13204817.514546, 55
new stimulus
13232908.841886, 55
13233411.932071, 55
13233442.550125, 55
13233473.638129, 55
13233504.805198, 55
13233536.254403, 55
13233567.365987, 55
13233599.762028, 55
13236424.598531, 50
new stimulus
13261800.894292, 55
new stimulus
13309181.020673, 55
13309680.668627, 55
13309710.177832, 55
13309741.152093, 55
13309772.540543, 55
