new stimulus
new stimulus
11268819.415708, 50
11269324.630933, 50
11269356.998955, 50
11269386.607753, 50
11269416.900948, 50
11269448.551005, 50
11269479.144091, 50
11269511.625023, 50
new stimulus
11307642.795753, 55
11308153.401534, 55
11308185.71102, 55
11308213.870574, 55
11308244.866474, 55
11308276.457996, 55
11308307.069669, 55
11308339.507046, 55
11308370.667179, 55
11308403.076258, 55
11308449.537512, 55
11308478.790935, 55
11308510.521167, 55
11308540.894259, 55
11308571.928165, 55
11308603.18595, 55
11308634.466484, 55
11308665.935386, 55
11308712.355304, 55
new stimulus
11346197.663954, 55
11346700.409583, 55
11346729.753445, 55
11346761.556638, 55
11346792.45239, 55
11346824.89587, 55
11346854.17648, 55
11346885.331897, 55
11346916.408249, 55
11346948.321301, 55
new stimulus
11374418.116881, 55
11374919.6119, 55
11374949.573854, 55
11374980.583625, 55
11375011.707139, 55
11375043.420726, 55
11375073.964153, 55
new stimulus
11407742.576647, 50
11408239.997192, 50
11408270.812214, 50
11408301.998702, 50
new stimulus
11435094.713532, 55
11435602.512929, 55
11435633.606204, 55
11435664.243122, 55
11435695.21988, 55
new stimulus
11481737.871875, 55
11482245.945085, 55
11482276.365893, 55
11482307.530187, 55
11482338.771327, 55
11482369.783595, 55
11482401.0952, 55
11482432.314146, 55
11482463.78277, 55
11482496.122495, 55
new stimulus
new stimulus
11552369.781653, 55
11552866.536944, 55
new stimulus
11584275.407683, 55
new stimulus
11620120.795208, 55
11620632.19774, 55
new stimulus
11655549.655749, 55
11656059.278074, 55
11656089.783495, 55
new stimulus
11706884.049937, 55
11707383.101715, 55
11707413.30336, 55
11707444.503165, 55
new stimulus
11723044.366452, 55
new stimulus
11762405.110859, 50
11762902.637934, 50
11762933.10202, 50
new stimulus
11794832.061083, 55
11795334.445789, 55
11795365.040262, 55
11795396.26753, 55
11795427.308373, 55
11795458.353376, 55
11795489.662484, 55
11795521.353045, 55
11795552.727347, 55
11795583.621156, 55
11795630.191714, 55
11795661.235608, 55
11795692.493115, 55
