new stimulus
new stimulus
new stimulus
10608043.032892, 55
10608543.801624, 55
10608579.08783, 55
10608604.82606, 55
10608635.806979, 55
10608666.803712, 55
10608698.131407, 55
10608731.332522, 55
10608761.511142, 55
10608793.706607, 55
10608837.222212, 55
10608867.975369, 55
10608900.993941, 55
10608932.106913, 55
10608962.954671, 55
10608994.059042, 55
10609025.401995, 55
10609056.90613, 55
10609103.499713, 55
10609134.540833, 55
10609165.796121, 55
10609197.228126, 55
10609228.223749, 55
10609259.204946, 55
10609290.522099, 55
new stimulus
10649615.341401, 55
10650116.535973, 55
10650147.013098, 55
10650179.765069, 55
10650209.6155, 55
10650241.022815, 55
10650271.298532, 55
10650302.839286, 55
10650334.082645, 55
10650364.901829, 55
10650412.911088, 55
10650442.766236, 55
10650474.262325, 55
10650505.075128, 55
new stimulus
10680717.885679, 55
10681222.206779, 55
10681252.784884, 55
10681284.069024, 55
10681315.493539, 55
10681346.052779, 55
10681377.235661, 55
10681409.101829, 55
10681439.607805, 55
10681470.8581, 55
10681517.8176, 55
10681548.776881, 55
10681579.862388, 55
10681611.108799, 55
10681642.252009, 55
10681673.705376, 55
10681704.707102, 55
10681736.24203, 55
10681783.13162, 55
10681814.305347, 55
10681845.321499, 55
10681876.408948, 55
10681907.920573, 55
10681939.018841, 55
10681971.576341, 55
10682002.284556, 55
10682032.616035, 55
10682079.875982, 55
10682110.459635, 55
10682141.765137, 55
10682172.836773, 55
10682204.108429, 55
10682235.246923, 55
10682266.326327, 55
new stimulus
10713421.06364, 55
10713919.452383, 55
10713950.107056, 55
10713981.345144, 55
10714012.265309, 55
10714043.281461, 55
10714074.702924, 55
10714105.800637, 55
10714136.895299, 55
10714168.060149, 55
10714214.777461, 55
10714245.981982, 55
10714277.795995, 55
10714308.458436, 55
10714339.832182, 55
10714371.37682, 55
10714403.116484, 55
10714434.515199, 55
10714480.107849, 55
10714511.228311, 55
10714542.425896, 55
10714573.541087, 55
new stimulus
10756229.076262, 55
10756740.969828, 55
10756771.446952, 55
10756802.783525, 55
10756834.813648, 55
10756864.990603, 55
10756896.409015, 55
10756927.283682, 55
10756958.28735, 55
10756989.864169, 55
10757036.3257, 55
10757068.160242, 55
10757098.776076, 55
10757131.939739, 55
10757161.8623, 55
10757192.8324, 55
10757223.551435, 55
new stimulus
new stimulus
new stimulus
10860008.829458, 50
10860511.441093, 50
10860541.617216, 50
10860572.844485, 50
10860603.816804, 50
10860634.899537, 50
10860666.398956, 50
10860698.293143, 50
10860730.05722, 50
10860761.792168, 50
10860806.68239, 50
new stimulus
new stimulus
10933012.154063, 55
10933518.14024, 55
10933548.729442, 55
10933579.839085, 55
10933610.98174, 55
10933642.421791, 55
10933673.379129, 55
10933704.459643, 55
10933735.609511, 55
10933766.916955, 55
10933813.936933, 55
10933844.844891, 55
10933876.097128, 55
10933907.72943, 55
10933938.477872, 55
10933970.964352, 55
10934001.979949, 55
10934033.890504, 55
new stimulus
10952393.794883, 55
10952893.21119, 55
10952923.891386, 55
10952954.86426, 55
10952986.011077, 55
10953017.184527, 55
10953048.285015, 55
10953079.457354, 55
10953110.561726, 55
10953141.958776, 55
10953188.537656, 55
10953219.862299, 55
10953251.029923, 55
10953282.241101, 55
10953313.553538, 55
new stimulus
10990184.933965, 55
10990691.60537, 55
10990722.238959, 55
10990753.298389, 55
10990784.362257, 55
10990815.695223, 55
10990847.02486, 55
10990878.140606, 55
10990909.453875, 55
10990942.092659, 55
10990988.011833, 55
10991018.25204, 55
10991049.556987, 55
10991080.581739, 55
new stimulus
11036224.025269, 50
11036726.770899, 50
11036757.258287, 50
11036788.351562, 50
11036819.677315, 50
11036850.664615, 50
11036881.742077, 50
new stimulus
11067986.696028, 55
11068488.323099, 55
11068518.629887, 55
11068549.858543, 55
11068581.265303, 55
11068612.004312, 55
11068643.100916, 55
11068674.451637, 55
11068705.471395, 55
11068736.57965, 55
new stimulus
11102228.711731, 55
11102729.76898, 55
11102760.606474, 55
11102791.518593, 55
11102822.409351, 55
11102853.370019, 55
11102884.638901, 55
11102916.01459, 55
11102947.276813, 55
11102978.366482, 55
11103025.119304, 55
11103056.18123, 55
11103087.512532, 55
11103118.681543, 55
11103149.82503, 55
11103181.081428, 55
11103212.293717, 55
11103243.778709, 55
11103290.246621, 55
11103321.857839, 55
11103352.750817, 55
11103383.860737, 55
11103416.617701, 55
11103446.562733, 55
11103477.456266, 55
11103508.685754, 55
11103539.950197, 55
11103586.860039, 55
11103617.820985, 55
11103648.965027, 55
11103680.271084, 55
11103711.399868, 55
11103742.967809, 55
