new stimulus
new stimulus
12110459.460839, 55
12110958.059311, 55
12110985.805232, 55
12111017.29605, 55
12111047.598399, 55
12111083.258568, 55
12111109.425135, 55
12111140.274834, 55
12111171.755943, 55
12111202.803166, 55
12111253.083666, 55
12111285.069679, 55
12111311.978623, 55
12111343.034446, 55
12111374.298334, 55
12111405.443209, 55
new stimulus
12141348.286013, 55
12141857.775177, 55
12141887.696351, 55
12141918.691141, 55
12141950.098456, 55
12141981.311022, 55
12142012.420109, 55
12142043.307261, 55
12142075.472211, 55
12142108.346802, 55
new stimulus
12173519.605019, 50
12174025.214459, 50
12174055.213311, 50
12174086.06634, 50
12174116.863052, 50
12174149.760114, 50
12174179.474055, 50
12174210.248574, 50
12174241.627592, 50
12174272.87206, 50
12174320.813906, 50
12174350.923171, 50
12174382.076369, 50
new stimulus
12207319.463424, 55
12207826.668863, 55
12207857.69306, 55
12207888.767471, 55
12207920.062985, 55
12207951.874501, 55
12207982.968053, 55
12208014.294084, 55
12208044.927673, 55
12208075.937999, 55
new stimulus
12248059.416229, 50
12248560.153613, 50
12248589.362371, 50
12248622.003929, 50
12248653.391824, 50
12248682.02549, 50
12248713.539334, 50
12248744.026168, 50
12248776.510706, 50
12248807.705517, 50
12248856.179732, 50
12248888.489218, 50
12248918.772425, 50
12248947.103426, 50
12248978.216952, 50
12249011.221653, 50
12249042.861724, 50
12249074.514555, 50
12249121.163345, 50
12249151.456817, 50
12249181.538617, 50
12249214.317221, 50
12249246.156479, 50
12249277.468084, 50
12249308.235112, 50
12249337.90522, 50
new stimulus
12289285.729662, 55
12289788.380414, 55
12289817.999754, 55
12289849.391811, 55
12289880.367459, 55
12289912.219202, 55
new stimulus
12317409.666657, 55
12317914.762314, 55
12317945.866408, 55
12317976.354352, 55
12318007.816041, 55
12318038.792522, 55
12318069.935732, 55
12318101.095033, 55
12318131.809352, 55
12326372.365269, 55
new stimulus
new stimulus
12384619.892482, 55
12385120.798537, 55
12385151.778902, 55
12390475.195567, 55
new stimulus
12420861.65823, 55
12421359.112066, 55
12421390.640058, 55
12421421.210118, 55
12421452.060095, 55
12421482.959176, 55
12421514.116535, 55
12427115.006832, 55
new stimulus
12462763.273316, 55
new stimulus
new stimulus
12530640.223234, 55
12531147.803191, 55
12531180.200896, 55
12531211.788812, 55
12531243.631676, 55
12531273.549244, 55
12531303.67016, 55
12531335.394566, 55
12531366.09973, 55
12531397.674606, 55
12531444.63383, 55
12531475.609756, 55
12531507.674279, 55
12531540.171301, 55
12531569.584796, 55
12531601.60188, 55
12531631.409034, 55
12531663.603668, 55
12531709.656004, 55
12531740.413877, 55
12531772.75055, 55
12531803.597476, 55
12531833.591611, 55
12531865.901374, 55
12531896.91503, 55
12531928.559539, 55
12531959.715788, 55
12532006.798463, 55
12532037.503904, 55
12532067.825673, 55
12532099.424408, 55
12532132.108966, 55
12532162.679858, 55
12532193.695178, 55
new stimulus
12564262.715146, 55
12564768.615322, 55
12564799.116027, 55
12564830.151599, 55
12564861.394403, 55
12564892.445233, 55
12564923.521307, 55
12564954.898661, 55
12564986.898268, 55
new stimulus
12603895.167004, 55
12604392.184735, 55
12604422.685995, 55
12604454.118832, 55
new stimulus
