new stimulus
new stimulus
568683245.243059, 55
568683752.247388, 55
new stimulus
568724524.742636, 55
568725027.453318, 55
568725057.757971, 55
new stimulus
568766682.26541, 55
568767181.160164, 55
568767208.580469, 55
568767241.053445, 55
568767270.39295, 55
568767302.005643, 55
568767332.340813, 55
568767363.092391, 55
568767394.731994, 55
568767425.873904, 55
568767472.93729, 55
568767503.559313, 55
568767534.717036, 55
568767566.465665, 55
568767597.375929, 55
568767629.106249, 55
568767659.708297, 55
568767691.297964, 55
568767738.308918, 55
568767769.22473, 55
new stimulus
568795217.408287, 55
568795725.443235, 55
568795755.479067, 55
568795787.347265, 55
568795818.039753, 55
568795848.497542, 55
568795879.762904, 55
568795910.763052, 55
568795941.96211, 55
568795973.63334, 55
new stimulus
568830243.290292, 55
568830747.800882, 55
568830777.566228, 55
568830808.040663, 55
568830839.282722, 55
568830870.20852, 55
568830901.310482, 55
568830932.776419, 55
568830963.910561, 55
568830995.149568, 55
568831042.168845, 55
568831073.115727, 55
568831104.142507, 55
568831135.659491, 55
568831166.692929, 55
568831197.92611, 55
568831228.9368, 55
568831260.296762, 55
568831306.750377, 55
568831338.548665, 55
new stimulus
568863650.037673, 50
568864161.542883, 50
568864192.913388, 50
568864223.282679, 50
568864254.096678, 50
568864285.119851, 50
568864316.39742, 50
568869439.788793, 55
568869948.751993, 55
568869979.580139, 55
568870010.997251, 55
568870041.696397, 55
new stimulus
568893511.526016, 55
568894019.952128, 55
568894050.169948, 55
new stimulus
new stimulus
568968952.283564, 50
568969460.840342, 50
568969491.136117, 50
568969521.698216, 50
568969553.692919, 50
568969584.267502, 50
568969615.892125, 50
568969646.72471, 50
568969677.982305, 50
568969708.969413, 50
568969755.970935, 50
568969787.882133, 50
568969818.229509, 50
568969849.396664, 50
new stimulus
569009724.371003, 55
569010223.004704, 55
569010253.610913, 55
569010284.766694, 55
569010316.440143, 55
569010347.142063, 55
569010377.972983, 55
569010409.585399, 55
569010440.405223, 55
569010471.45281, 55
new stimulus
569030179.460682, 55
569030690.093957, 55
569030721.02891, 55
new stimulus
569071632.993196, 55
569072138.802117, 55
569072169.411933, 55
569072200.891187, 55
569072231.579513, 55
569072262.91867, 55
569072293.807849, 55
569072326.691686, 55
569072358.058584, 55
569072387.431657, 55
569072434.139944, 55
569072465.340667, 55
569072496.761108, 55
569072527.981528, 55
new stimulus
569102737.765173, 55
569103245.25804, 55
569103275.542719, 55
569103306.529272, 55
569103337.859551, 55
569103368.682982, 55
new stimulus
569137511.448615, 55
569138017.301091, 55
569138047.501156, 55
569138078.676079, 55
569138109.752518, 55
569138140.885828, 55
569141056.767577, 50
569141557.651718, 50
569141588.568917, 50
569141619.638975, 50
569141650.852737, 50
569141681.986601, 50
569141713.665876, 50
569141744.348376, 50
569141775.545215, 50
569141806.743442, 50
569141853.572407, 50
569141885.069416, 50
569141916.858549, 50
569141947.340197, 50
569141978.300118, 50
569149192.269493, 55
569149701.38361, 55
569149732.434525, 55
new stimulus
569173067.325948, 55
569173568.980211, 55
569173599.688234, 55
569173630.871202, 55
569173662.053615, 55
569173693.165286, 55
569173724.674779, 55
new stimulus
569208919.229668, 55
569209417.827581, 55
569209448.366655, 55
569209479.40259, 55
569209510.489293, 55
569209541.599854, 55
569209572.944836, 55
569209603.972448, 55
569209635.28192, 55
569209666.17748, 55
569209714.295344, 55
569209744.334228, 55
