new stimulus
new stimulus
569367333.091514, 55
569367825.954301, 55
569367854.149166, 55
569367885.403986, 55
569367915.928079, 55
569367949.356216, 55
569367977.784947, 55
569368009.166271, 55
569368040.728474, 55
569368071.466736, 55
569368118.127862, 55
569368150.1811, 55
569368182.738967, 55
569368211.352184, 55
569368245.511326, 55
new stimulus
569391626.490167, 55
569392127.956338, 55
569392157.486153, 55
569392188.728212, 55
569392219.877612, 55
569392251.110239, 55
569392282.189174, 55
569392314.513175, 55
new stimulus
569438146.948589, 50
569438646.97217, 50
569438676.378256, 50
569438707.523217, 50
569438739.407783, 50
new stimulus
569462297.923946, 55
569462810.524969, 55
569462838.43631, 55
569462871.585916, 55
569462902.804672, 55
569462934.278377, 55
569462965.565101, 55
new stimulus
569498977.794657, 55
569499486.403867, 55
new stimulus
569529629.213056, 55
569530138.95997, 55
569530169.804762, 55
569530200.824329, 55
569536023.568312, 50
569536535.292407, 50
569536566.015411, 50
569536596.714834, 50
569536627.613723, 50
569536658.877698, 50
569536690.090073, 50
569536721.473894, 50
569536752.403299, 50
569536783.560744, 50
569536830.293999, 50
569537872.24063, 55
569538375.340534, 55
569538406.003892, 55
new stimulus
569571128.168843, 55
569571634.5634, 55
569571665.268371, 55
569571696.490456, 55
569571727.854025, 55
569571758.564545, 55
569571789.667061, 55
569571820.810913, 55
569571851.988332, 55
569571883.405999, 55
569571930.222203, 55
569571961.591043, 55
569571992.513513, 55
569572023.668461, 55
new stimulus
new stimulus
569643629.491586, 50
569644127.440612, 50
569644157.968589, 50
569644189.495282, 50
569644219.996626, 50
569644250.959599, 50
569644282.26491, 50
569644314.821945, 50
569644344.612537, 50
569644375.921454, 50
569644422.727948, 50
569644453.75029, 50
new stimulus
569669766.589229, 55
569670272.482763, 55
569670303.094521, 55
569670334.557962, 55
569670365.302882, 55
569670396.422044, 55
569670427.773684, 55
569670459.441307, 55
569670490.504706, 55
569670521.284582, 55
569670568.410388, 55
569670599.219115, 55
569670630.48087, 55
569670661.813368, 55
569670694.995711, 55
new stimulus
569707208.457017, 55
569707712.848871, 55
569707742.835044, 55
569707774.327337, 55
569707805.012334, 55
569707836.288515, 55
569707867.457058, 55
569707898.487721, 55
569707929.677625, 55
569707961.111937, 55
569708007.803024, 55
569708038.822591, 55
569708071.580202, 55
569708103.116327, 55
569708132.788737, 55
569708163.712871, 55
569708195.177144, 55
569708226.430577, 55
569708272.908882, 55
569708304.077147, 55
569708335.279535, 55
569708366.849783, 55
569708397.795833, 55
new stimulus
569750252.482087, 55
569750752.245446, 55
569750782.948476, 55
569750814.382233, 55
569750845.098856, 55
new stimulus
569777835.742273, 55
569778348.757763, 55
569778379.00388, 55
569778410.244829, 55
569778441.289919, 55
569778472.276473, 55
569778503.47137, 55
569778534.599132, 55
569778565.811506, 55
569778597.243044, 55
569778643.872821, 55
569778675.648638, 55
569778706.732289, 55
569778737.81816, 55
569778768.761714, 55
569778800.029295, 55
569778831.073275, 55
569778862.679866, 55
new stimulus
569811298.421362, 55
569811810.299703, 55
569811840.683698, 55
569811871.866667, 55
569811903.071551, 55
569811934.028421, 55
569811965.40919, 55
569811996.432364, 55
569812027.678306, 55
569812059.302929, 55
569812105.820905, 55
569812136.81495, 55
569812167.956027, 55
569812199.298235, 55
569812230.699256, 55
569812261.848656, 55
569812293.042721, 55
569812326.017553, 55
569812371.218333, 55
569812402.079493, 55
569812433.360391, 55
new stimulus
569846265.053703, 50
569846769.451105, 50
569846800.146644, 50
569846831.168153, 50
569846863.739892, 50
569846894.354147, 50
569846926.284765, 50
569846955.88449, 50
569846987.478874, 50
569847018.144174, 50
569847064.962043, 50
569847096.23767, 50
569847127.689181, 50
new stimulus
569882590.63404, 55
569883101.561659, 55
569883132.067442, 55
569883163.189377, 55
569883194.460843, 55
