new stimulus
new stimulus
568013084.327703, 55
new stimulus
new stimulus
568080178.010047, 50
new stimulus
568106391.732794, 55
568106896.412334, 55
568106924.459611, 55
new stimulus
568146098.221786, 55
568146595.811828, 55
568146626.477961, 55
568146657.051989, 55
new stimulus
568187082.893713, 55
new stimulus
568219305.015108, 55
new stimulus
new stimulus
568285489.76316, 55
568285979.791534, 55
568286011.007793, 55
new stimulus
568320378.727291, 55
568320877.546032, 55
568320907.186539, 55
568320938.857213, 55
new stimulus
new stimulus
568385697.773529, 50
new stimulus
568422059.464943, 55
568422556.983411, 55
568422587.693376, 55
new stimulus
568461464.777225, 55
568461962.285706, 55
568461992.889973, 55
568462023.838521, 55
568462054.922449, 55
new stimulus
568492045.549776, 55
568492553.305361, 55
568492584.366819, 55
568492616.107959, 55
new stimulus
568529661.224403, 50
568530164.99095, 50
568530195.336661, 50
568530226.320718, 50
568530257.796921, 50
568530288.470544, 50
568530319.888765, 50
568530351.194908, 50
568530382.642536, 50
568530413.271494, 50
568530460.779586, 50
568530491.470964, 50
568530522.503015, 50
568530553.833849, 50
568530585.378574, 50
568530616.34127, 50
