new stimulus
new stimulus
570024591.506807, 55
570025096.547272, 55
570025127.13101, 55
570025157.908666, 55
570025188.41223, 55
570025219.617946, 55
570025250.63252, 55
570025282.450782, 55
570025314.781997, 55
570025346.523968, 55
570025391.637916, 55
new stimulus
570064166.464056, 55
570064676.665109, 55
570064702.352364, 55
570064735.376299, 55
new stimulus
570094245.239453, 55
new stimulus
570134235.000116, 50
570134731.309583, 50
570134762.710604, 50
570134793.015534, 50
570134824.706183, 50
570134856.683408, 50
570134886.460405, 50
570134917.671393, 50
570134948.708993, 50
570134980.135259, 50
new stimulus
570169533.458653, 55
570170033.971882, 55
570170064.553124, 55
570170095.360464, 55
570170126.46187, 55
570170157.791039, 55
570170189.36101, 55
570170220.617495, 55
570170252.121994, 55
570170282.332601, 55
570170329.209283, 55
570170360.726821, 55
new stimulus
570202943.071518, 50
570203448.420475, 50
570203479.310486, 50
570203510.14862, 50
570203541.855081, 50
570203572.843023, 50
570203605.071313, 50
570203635.447818, 50
570203666.169713, 50
new stimulus
570237655.747555, 55
570238158.41385, 55
570238188.904097, 55
570238221.344338, 55
570238251.556332, 55
570238282.232452, 55
570238313.886204, 55
new stimulus
new stimulus
570310252.753959, 55
570310760.299537, 55
570310790.808094, 55
570310821.885365, 55
570310853.197888, 55
570310885.33796, 55
570310915.673961, 55
570310946.486294, 55
570310977.674534, 55
570311008.73294, 55
570311055.817965, 55
570311086.941565, 55
570311118.718491, 55
570311149.334133, 55
570311180.427217, 55
new stimulus
570345389.001028, 55
570345891.087235, 55
570345921.50674, 55
570345952.682773, 55
570345983.846322, 55
570346014.955773, 55
570346046.144845, 55
570346077.445717, 55
570346108.44309, 55
570346139.788904, 55
570346186.579863, 55
570346217.963407, 55
570346248.922773, 55
570346280.525202, 55
570346312.289922, 55
570346342.77268, 55
570346373.575858, 55
570346405.067596, 55
new stimulus
570375324.111115, 55
570375827.421581, 55
570375857.77395, 55
570375888.781033, 55
570375920.313552, 55
570375953.678992, 55
570375982.430087, 55
570376013.43606, 55
570376044.548563, 55
570376075.844719, 55
new stimulus
570416009.290279, 55
570416511.708559, 55
570416542.398272, 55
570416573.481091, 55
570416604.489561, 55
570416636.137487, 55
570416667.110725, 55
570416697.871458, 55
new stimulus
570449148.546257, 55
570449661.297365, 55
570449691.852529, 55
570449723.167272, 55
570449754.767759, 55
570449786.324691, 55
570449816.398807, 55
570449849.261837, 55
570449880.669517, 55
570449910.073106, 55
570449956.960052, 55
570449988.336105, 55
570450019.53988, 55
570450050.84741, 55
570450081.663073, 55
570450112.720646, 55
new stimulus
570484005.687133, 50
570484511.493557, 50
570484542.166903, 50
570484573.040824, 50
570484604.959235, 50
570484635.407037, 50
570484666.567257, 50
new stimulus
570516315.628131, 50
570516818.908636, 50
570516849.35089, 50
570516880.514716, 50
570516911.611961, 50
570516942.684793, 50
570516973.947381, 50
570517005.088736, 50
570517036.197077, 50
570517067.359794, 50
570517114.251179, 50
new stimulus
570556582.964455, 55
570557082.245657, 55
570557112.666827, 55
570557143.824827, 55
570557174.862704, 55
570557205.989633, 55
570557237.184808, 55
570557268.314233, 55
570557301.54346, 55
570557330.921526, 55
570557377.619549, 55
570557408.676845, 55
570557439.910304, 55
