new stimulus
new stimulus
new stimulus
627646598.587153, 55
627647097.376213, 55
627658095.898118, 50
new stimulus
627687471.228456, 55
627687968.850131, 55
new stimulus
627726518.907307, 55
627727030.434401, 55
627727061.787341, 55
627727092.650357, 55
627727123.276456, 55
new stimulus
627759458.00133, 55
627759961.51042, 55
627759991.949538, 55
627760023.475866, 55
627760054.8682, 55
627760085.579744, 55
627760117.356028, 55
627760148.526426, 55
627760179.379455, 55
627760210.340122, 55
627760257.11708, 55
627760288.604292, 55
new stimulus
627790118.583058, 55
627790631.022588, 55
627790661.534944, 55
627790692.898427, 55
new stimulus
627826766.379314, 50
627827274.802629, 50
627827305.49198, 50
627827336.350279, 50
627827367.797265, 50
627827398.768752, 50
627827429.982428, 50
627827461.52762, 50
627827492.958516, 50
new stimulus
new stimulus
627901844.504496, 55
new stimulus
627946521.411304, 50
new stimulus
627968288.183723, 55
627968796.57236, 55
627968827.182923, 55
new stimulus
628013689.20929, 50
628014192.602419, 50
new stimulus
628037987.860084, 55
628038496.534187, 55
new stimulus
628076148.424058, 50
628076653.971078, 50
628076684.685397, 50
628076715.566722, 50
628076747.195973, 50
628076777.622329, 50
628076809.001347, 50
new stimulus
628111658.76185, 50
628112159.401027, 50
628112189.634576, 50
628112220.906232, 50
628112251.83028, 50
628112283.048672, 50
628112314.266508, 50
628112345.581442, 50
628112376.572904, 50
628112408.726757, 50
628112454.721112, 50
628112485.529198, 50
628112516.917648, 50
628112548.117453, 50
628112579.436825, 50
628112610.537313, 50
628112641.623652, 50
new stimulus
628147607.260978, 50
628148116.583135, 50
628148146.995898, 50
628148178.182108, 50
628148209.567784, 50
628148241.051112, 50
628148272.114425, 50
628148302.873686, 50
628148336.135001, 50
628148365.899432, 50
628148412.385654, 50
628148443.694484, 50
