new stimulus
new stimulus
628971770.195509, 50
628972266.778245, 50
628972294.290577, 50
628972326.021642, 50
628972356.361998, 50
628972389.462686, 50
628972417.962913, 50
628972449.617409, 50
628972481.306028, 50
628972511.689107, 50
628972558.231922, 50
628972590.342497, 50
628972623.021229, 50
628972651.666547, 50
628972683.689457, 50
628972713.23972, 50
628972748.509836, 50
628972777.579052, 50
628972824.170693, 50
628972855.144954, 50
628972885.731937, 50
628972916.784709, 50
new stimulus
629004099.285698, 55
629004601.440144, 55
new stimulus
629032301.243009, 55
629032806.236298, 55
new stimulus
629072705.575428, 55
629073208.937208, 55
new stimulus
629116070.416502, 50
629116577.048791, 50
629116607.279566, 50
629116638.153678, 50
629116669.652819, 50
629116700.52388, 50
new stimulus
629148831.692669, 55
629149336.051775, 55
629149366.949469, 55
629149397.727316, 55
629149429.508871, 55
629149460.204048, 55
629149491.19329, 55
629149522.383385, 55
629149554.234294, 55
629149585.048762, 55
629149631.807687, 55
629149662.938414, 55
629149694.103818, 55
new stimulus
629181339.581949, 50
629181846.136838, 50
629181876.68304, 50
629181907.820979, 50
629181938.879022, 50
new stimulus
new stimulus
629246468.354936, 55
629246975.657472, 55
629247006.157345, 55
629247037.255336, 55
629247068.437108, 55
new stimulus
629292180.389265, 50
629292683.106597, 50
629292713.70329, 50
629292744.686429, 50
629292776.126756, 50
629292807.094637, 50
629292838.207054, 50
629292869.519768, 50
629292900.906554, 50
629292931.618653, 50
629292978.536541, 50
629293009.690293, 50
629293041.013549, 50
629293072.045514, 50
629293103.248925, 50
629293134.376877, 50
629293166.149, 50
629293197.132416, 50
629293243.672457, 50
629293274.807068, 50
629293306.912094, 50
629293338.164331, 50
629293368.468068, 50
629293399.681465, 50
629293431.250239, 50
629293462.029474, 50
629293882.928604, 55
629294610.570603, 55
new stimulus
629314441.434063, 55
629314943.768001, 55
629314974.804959, 55
629315005.585581, 55
629315036.721301, 55
new stimulus
629353997.203325, 50
629354505.640233, 50
629354535.987802, 50
629354566.831676, 50
629354597.847828, 50
629354629.316175, 50
629358961.858305, 50
629359450.734858, 50
new stimulus
629390022.86138, 55
629390525.364544, 55
629390555.739022, 55
629390586.848665, 55
629390619.487171, 55
629390650.676156, 55
new stimulus
629430364.800015, 55
629430866.221517, 55
629430896.674784, 55
629430927.973072, 55
629430958.970082, 55
629430990.344939, 55
629431021.568324, 55
629431052.449094, 55
629431084.422347, 55
629431115.312272, 55
629431161.751332, 55
629431192.841555, 55
new stimulus
629463291.746078, 55
629463797.452337, 55
629463828.118385, 55
629463859.062962, 55
new stimulus
629492787.078758, 55
629493297.266188, 55
629493327.556886, 55
629493358.837974, 55
629493389.629416, 55
629493420.937137, 55
