new stimulus
new stimulus
628305371.808764, 50
628305882.54188, 50
628305912.830636, 50
628305943.929737, 50
628305974.583023, 50
628306005.421348, 50
628306036.674972, 50
628306068.085893, 50
new stimulus
628340859.643048, 50
628341356.208862, 50
628341386.103126, 50
628341417.127323, 50
new stimulus
628365484.319091, 55
628365987.6498, 55
628366018.27895, 55
new stimulus
628413199.851968, 50
628413707.621403, 50
628413737.996159, 50
628413769.181815, 50
628413799.924153, 50
628413830.950569, 50
628413862.704105, 50
628413894.065368, 50
628413924.700067, 50
628413955.730367, 50
new stimulus
628448215.790878, 55
628448713.090191, 55
628448743.775935, 55
628448774.8423, 55
628448805.920594, 55
628448837.508509, 55
628448868.488042, 55
628448900.760076, 55
new stimulus
628481165.694585, 55
628481675.65786, 55
628481706.155236, 55
628481737.586687, 55
new stimulus
628511515.139384, 55
628512017.033055, 55
new stimulus
new stimulus
628583787.379759, 50
628584291.298876, 50
628584321.940511, 50
628584353.603052, 50
628584384.198912, 50
628584415.339071, 50
new stimulus
628620162.959775, 50
628620670.25177, 50
628620701.124773, 50
628620731.885421, 50
628620763.068857, 50
628620793.977092, 50
628620825.068425, 50
628620856.26601, 50
628620887.670828, 50
628620918.931387, 50
628620965.555764, 50
628620996.824369, 50
628621028.54711, 50
628621059.042822, 50
628622837.577865, 55
628623337.231366, 55
new stimulus
628666901.893616, 50
628667407.406513, 50
628667438.269252, 50
628667468.915047, 50
628667500.979016, 50
628667530.991184, 50
628667562.48977, 50
628667593.93842, 50
628667624.668829, 50
628667655.784297, 50
628667702.577068, 50
628667733.774653, 50
628667765.518479, 50
628667796.156784, 50
628667827.362969, 50
new stimulus
628701424.021219, 50
628701929.581278, 50
628701960.259254, 50
628701991.224916, 50
628702022.724889, 50
628702053.827596, 50
628702085.097033, 50
628702115.995004, 50
628702146.899078, 50
628702178.179889, 50
628702225.192099, 50
628702256.138619, 50
new stimulus
628728593.741452, 55
628729104.436839, 55
628729135.176125, 55
628729166.033316, 55
new stimulus
628759281.991423, 50
628759789.790542, 50
628759819.775245, 50
628759852.448983, 50
628759884.230538, 50
628759914.161699, 50
new stimulus
new stimulus
628837225.918941, 55
628837726.466014, 55
628837757.066867, 55
628837787.870238, 55
628837818.92828, 55
628837850.050962, 55
628837881.232179, 55
628837912.632281, 55
628837943.646768, 55
628837974.821882, 55
628838022.101525, 55
628838052.861896, 55
628838084.055597, 55
628838115.187711, 55
628838146.445773, 55
628838177.83783, 55
628838208.769923, 55
628838240.272116, 55
628838287.085693, 55
628838318.025277, 55
