new stimulus
new stimulus
629642308.006795, 55
629642811.392711, 55
629642841.141052, 55
629642871.936654, 55
629642902.46843, 55
629642933.437976, 55
629642964.413625, 55
629642995.94994, 55
629643029.240661, 55
629643060.772538, 55
629643105.049383, 55
new stimulus
629674644.047751, 55
new stimulus
629714292.913185, 55
629714802.442297, 55
629714834.8167, 55
new stimulus
629745607.261811, 55
629746111.753246, 55
629746142.400429, 55
new stimulus
629790148.799407, 50
629790649.511823, 50
629790679.65521, 50
629790710.38451, 50
629790742.216, 50
629790772.806034, 50
629790804.012497, 50
629790835.00701, 50
629790866.119982, 50
629790897.623006, 50
629790944.252654, 50
new stimulus
629826568.195474, 50
629827075.758508, 50
629827104.854079, 50
629827135.919057, 50
new stimulus
new stimulus
new stimulus
new stimulus
629959785.048595, 50
629960296.751019, 50
629960327.474492, 50
629960358.799968, 50
629960389.699603, 50
629960421.12717, 50
629960452.131115, 50
629960483.144215, 50
new stimulus
630002844.693142, 55
630003352.327196, 55
630003382.868959, 55
630003414.970934, 55
630003445.209199, 55
630003476.323003, 55
new stimulus
630029938.153012, 55
630030449.712564, 55
630030479.944726, 55
630030511.294338, 55
new stimulus
630071883.016824, 55
630072381.755116, 55
630072412.73132, 55
630072443.509445, 55
630072474.516165, 55
630072506.01808, 55
630072536.756534, 55
630072568.036235, 55
630072599.411092, 55
630072630.287979, 55
630072677.606184, 55
630072708.230063, 55
630072739.629888, 55
630072770.878518, 55
630072802.248658, 55
630072833.512824, 55
630072864.448524, 55
630072896.7053, 55
630072942.654158, 55
630072973.623148, 55
630073005.135328, 55
630073036.83116, 55
630073067.221451, 55
630073098.422365, 55
630073129.46293, 55
630073160.996749, 55
new stimulus
630103064.179537, 50
630103562.812132, 50
630103593.592477, 50
630103624.917952, 50
new stimulus
630133573.853463, 55
630134079.096153, 55
630134109.653729, 55
630134140.586377, 55
new stimulus
630182516.302053, 50
630183015.548302, 50
630183046.358885, 50
630183078.147375, 50
