new stimulus
new stimulus
651426622.15352, 55
new stimulus
651457941.817574, 55
new stimulus
651483933.835058, 55
new stimulus
651539282.183903, 55
new stimulus
651562963.447545, 55
651563473.985387, 55
new stimulus
651597359.007087, 55
new stimulus
651635940.012672, 50
new stimulus
new stimulus
651691799.571828, 55
651692298.27322, 55
651692328.424736, 55
651692359.228747, 55
new stimulus
651728862.731188, 55
651729362.922609, 55
651729393.270817, 55
651729424.939827, 55
651729455.634811, 55
651729486.396931, 55
651729518.133355, 55
651729549.142935, 55
651729581.353748, 55
651729611.420651, 55
651729658.735381, 55
651729689.26419, 55
651729720.328699, 55
651729751.70392, 55
651729782.911579, 55
651729814.010488, 55
651729845.548001, 55
651729876.479348, 55
651729923.640941, 55
651729954.983981, 55
651729986.39277, 55
new stimulus
651770428.311049, 55
new stimulus
651809000.015813, 55
651809499.112807, 55
651809529.824991, 55
651809560.729151, 55
651809592.315767, 55
651809624.147901, 55
651809654.176519, 55
new stimulus
651842603.499445, 50
651843101.404083, 50
651843131.837737, 50
651843163.028473, 50
new stimulus
651878715.73627, 55
new stimulus
651912713.162356, 55
651913223.315693, 55
651913253.722436, 55
651913284.713152, 55
651913316.012359, 55
651913346.952306, 55
651913377.891976, 55
651913408.92486, 55
651913440.130299, 55
651913471.349054, 55
651913518.595816, 55
651913549.356826, 55
651913580.97812, 55
651913611.807376, 55
651913643.058035, 55
651913674.091751, 55
651913706.019317, 55
651913737.274692, 55
651913783.680035, 55
651913814.604447, 55
651913846.587775, 55
651913876.998403, 55
651913908.036834, 55
651913939.382094, 55
651913970.926542, 55
651914001.72972, 55
651914033.549093, 55
651914080.35309, 55
651914111.152662, 55
651914142.138661, 55
651914173.285287, 55
651914204.438849, 55
651914235.632359, 55
651914269.277994, 55
651914298.18278, 55
651914329.362419, 55
651914376.6114, 55
new stimulus
651948475.376932, 55
651948977.348286, 55
651949008.086826, 55
651949039.248987, 55
