new stimulus
new stimulus
650751441.711599, 55
650751937.120279, 55
650751965.440816, 55
new stimulus
650791200.103589, 50
new stimulus
650818630.602381, 55
new stimulus
650862236.659372, 55
650862740.634539, 55
650862770.488938, 55
650862802.111341, 55
650862832.83268, 55
new stimulus
650894709.402745, 55
new stimulus
new stimulus
650962044.604047, 50
650962547.302246, 50
650962578.63835, 50
650962608.865047, 50
650962640.837001, 50
650962671.532263, 50
new stimulus
new stimulus
651028949.048556, 55
651029455.618998, 55
651029487.00171, 55
651029517.216201, 55
651029548.300684, 55
new stimulus
651060006.215343, 55
651060514.201188, 55
651060544.967469, 55
new stimulus
651102859.634059, 50
new stimulus
651142925.63976, 55
651143427.834162, 55
651143458.4179, 55
651143489.561474, 55
651143520.823785, 55
new stimulus
651180204.532062, 50
new stimulus
651198640.564296, 55
new stimulus
651250147.153603, 50
new stimulus
651285716.200673, 55
651286229.191472, 55
651286259.643713, 55
651286290.831952, 55
651286322.135044, 55
651286353.450342, 55
651286384.398889, 55
651286416.236848, 55
651286446.68576, 55
651286477.834328, 55
651286524.826417, 55
651286556.026308, 55
