new stimulus
new stimulus
551640318.469164, 54
551640826.791402, 54
551640854.407913, 54
551640886.149132, 54
551640916.244407, 54
new stimulus
551664002.184142, 54
551664507.86255, 54
551664539.975514, 54
551664570.748808, 54
551664606.717103, 54
551664635.773988, 54
551664661.359772, 54
551664694.12967, 54
551664725.112418, 54
551664756.14732, 54
551664803.146185, 54
551664834.431045, 54
551664865.399921, 54
551664896.612096, 54
551664927.826491, 54
551664959.280578, 54
551664990.507734, 54
551665022.465897, 54
551665068.394745, 54
new stimulus
551703327.303384, 54
551703830.696947, 54
551703860.718983, 54
551703892.423582, 54
551703923.600247, 54
551703956.413146, 54
551703979.613934, 54
551704026.397242, 54
551704057.36695, 54
551704088.029275, 54
551704120.606921, 54
new stimulus
551738397.708606, 54
551738897.781984, 54
551738928.32696, 54
551738960.183586, 54
551738992.048535, 54
551739021.094878, 54
551739051.612112, 54
551739084.057704, 54
551739115.32148, 54
551739146.656553, 54
551739193.29144, 54
551739224.356027, 54
551739256.384377, 54
551739287.149349, 54
551739318.172045, 54
551739349.289619, 54
551739380.524543, 54
551739411.997772, 54
551739458.467593, 54
551739489.738027, 54
551739521.015397, 54
551739552.047525, 54
551739583.2425, 54
551739614.504889, 54
new stimulus
551777654.683338, 54
551778148.403478, 54
551778180.189085, 54
551778212.310649, 54
551778245.018682, 54
551778278.257424, 54
551778311.295313, 54
551778344.313504, 54
551778376.955511, 54
551778409.862456, 54
551778442.865112, 54
551778475.916594, 54
551778509.306254, 54
551778542.414052, 54
551778574.933994, 54
551778608.173845, 54
551778640.983693, 54
551778674.369746, 54
551778707.099418, 54
551778739.944221, 54
551778773.086697, 54
551778806.011398, 54
551778839.234881, 54
551778872.117968, 54
551778904.986907, 54
551778937.993169, 54
551778970.914263, 54
551779004.309193, 54
551779041.277039, 54
551779072.862346, 54
551779103.710544, 54
551779151.494235, 54
551779181.615865, 54
551779212.813337, 54
new stimulus
551815924.790386, 54
551816426.544386, 54
551816458.496168, 54
551816488.856658, 54
551816519.991155, 54
551816551.570082, 54
551816585.130356, 54
551816613.901774, 54
551816645.056523, 54
551816676.105297, 54
551816722.824243, 54
551816753.979269, 54
551816785.230006, 54
551816816.695467, 54
551816847.663789, 54
551816879.576731, 54
551816910.315903, 54
551816941.271463, 54
551816987.974595, 54
551817019.240036, 54
551817050.380359, 54
551817081.664386, 54
551817112.824684, 54
551817143.9614, 54
551817175.214356, 54
551817206.438461, 54
551817237.761882, 54
551817284.451421, 54
551817315.540421, 54
551817346.912114, 54
551817378.004166, 54
551817409.330084, 54
551817440.4496, 54
551817471.640414, 54
551817504.097104, 54
551817534.160475, 54
551817581.407077, 54
551817612.147358, 54
551817643.155628, 54
551817674.395823, 54
551817705.626031, 54
new stimulus
551844279.809877, 54
551844788.123793, 54
551844819.079353, 54
551844849.976654, 54
551844881.037635, 54
551844912.130241, 54
551844943.362946, 54
551844974.636986, 54
551845005.830297, 54
551845037.082421, 54
551845083.746437, 54
551845114.992458, 54
551845146.090613, 54
551845177.253962, 54
551845208.491382, 54
551845239.849204, 54
551845271.219232, 54
551845303.328312, 54
551845349.194741, 54
551845380.209392, 54
551845412.005818, 54
551845442.650388, 54
551845473.932473, 54
551845505.109694, 54
551845536.16568, 54
551845567.304894, 54
551845598.442165, 54
551845645.231021, 54
551845676.424054, 54
551845707.747753, 54
551845738.91027, 54
551845770.120781, 54
551845801.438099, 54
551845834.078996, 54
551845864.864497, 54
551845896.311649, 54
551845941.726434, 54
551845973.071217, 54
551846004.117494, 54
551846035.791022, 54
551846066.678614, 54
551846097.695484, 54
new stimulus
new stimulus
551915077.479755, 54
551915578.166791, 54
551915608.491771, 54
551915639.620719, 54
551915686.44675, 54
551915717.498853, 54
551915749.426499, 54
551915779.8397, 54
551915811.026352, 54
551915842.220772, 54
551915873.625478, 54
551915904.673975, 54
551915951.593774, 54
551915982.799846, 54
551916015.883786, 54
551916045.752963, 54
551916078.276788, 54
551916107.565321, 54
551916138.823548, 54
551916169.723624, 54
551916200.973251, 54
551916247.82203, 54
551916279.457274, 54
551916310.220303, 54
551916341.640545, 54
551916372.887952, 54
551916403.997204, 54
551916436.535733, 54
551916466.776655, 54
551916497.605156, 54
551916544.399283, 54
551916575.45527, 54
551916606.581167, 54
551916637.814426, 54
551916668.932555, 54
551916700.245712, 54
551916731.321118, 54
551916762.682547, 54
551916809.350169, 54
551916840.729075, 54
551916872.778787, 54
551916903.129567, 54
551916934.55619, 54
551916966.153981, 54
551916996.969166, 54
551917028.201316, 54
551917058.567354, 54
new stimulus
new stimulus
551981577.815574, 54
551982075.885689, 54
551982106.367413, 54
551982137.859507, 54
551982169.830708, 54
551982200.070243, 54
551982230.996119, 54
551982262.425793, 54
551982293.422966, 54
551982324.566895, 54
551982371.435927, 54
551982402.534081, 54
551982433.726837, 54
551982465.028897, 54
551982495.982515, 54
551982527.564771, 54
551982558.614655, 54
551982591.311314, 54
551982636.838178, 54
551982667.769325, 54
551982698.762615, 54
551982730.032771, 54
551982761.230798, 54
551982792.833583, 54
551982823.69371, 54
551982854.825988, 54
551982885.989892, 54
551982932.94853, 54
551982964.155435, 54
551982995.411997, 54
551983026.998137, 54
551983050.353171, 54
551983083.102818, 54
551983116.122119, 54
551983149.150576, 54
551983182.221477, 54
551983215.219694, 54
551983248.166588, 54
551983281.190605, 54
551983314.05566, 54
551983347.047496, 54
551983380.103972, 54
551983413.336887, 54
551983446.292382, 54
551983479.129139, 54
551983512.080472, 54
551983545.312555, 54
new stimulus
552010701.044964, 54
552011186.962616, 54
552011219.309724, 54
552011252.422516, 54
552011285.357204, 54
552011317.909604, 54
552011351.019067, 54
552011383.907148, 54
552011416.901203, 54
552011449.975711, 54
552011482.869618, 54
552011521.265909, 54
552011549.115454, 54
552011579.857122, 54
552011615.049191, 54
552011648.034369, 54
552011680.941037, 54
552011714.227217, 54
552011747.043446, 54
552011780.335175, 54
552011812.977737, 54
552011846.188737, 54
552011879.232451, 54
552011911.921343, 54
552011944.978651, 54
552011978.061481, 54
552012011.376791, 54
552012057.912639, 54
552012089.043529, 54
552012120.675167, 54
552012153.412052, 54
552012183.223525, 54
552012213.850062, 54
552012244.943501, 54
552012276.332949, 54
552012307.440814, 54
552012354.190553, 54
552012385.320057, 54
552012416.561916, 54
552012447.714723, 54
552012479.184346, 54
552012510.154609, 54
552012541.369836, 54
552012572.597825, 54
552012619.563953, 54
552012650.724251, 54
552012681.698121, 54
552012714.359548, 54
552012744.247866, 54
552012775.435628, 54
552012806.593984, 54
552012837.699351, 54
552012869.118206, 54
552012915.833823, 54
552012947.082063, 54
552012978.213786, 54
552013009.332192, 54
552013040.655059, 54
552013071.75904, 54
552013102.909905, 54
552013134.195319, 54
552013165.32732, 54
552013209.753374, 54
552013243.857395, 54
552013275.039054, 54
552013305.780999, 54
552013337.16795, 54
552013368.103258, 54
552013399.25662, 54
552013430.632752, 54
552013477.276516, 54
552013508.677616, 54
552013539.834584, 54
552013571.932845, 54
552013603.123103, 54
552013634.419338, 54
552013665.45646, 54
552013696.725506, 54
552013729.344488, 54
552013759.248619, 54
552013806.217522, 54
552013837.167534, 54
552013868.509542, 54
552013899.515871, 54
552013930.631226, 54
552013961.842846, 54
552013993.43287, 54
552014024.446134, 54
552014071.128737, 54
552014102.280157, 54
552014133.583604, 54
552014164.720321, 54
552014195.907528, 54
552014227.205704, 54
552014258.800722, 54
552014289.634493, 54
552014320.867475, 54
552014367.823894, 54
new stimulus
552054443.145308, 54
552054930.969958, 54
552054977.300236, 54
552055008.48883, 54
552055039.474352, 54
552055070.80776, 54
552055101.945864, 54
552055132.982431, 54
552055164.142729, 54
552055195.327439, 54
552055242.177051, 54
552055273.465794, 54
552055304.566724, 54
552055335.794712, 54
552055367.053771, 54
552055398.300624, 54
552055429.392953, 54
552055460.844544, 54
552055492.088622, 54
552055538.672741, 54
552055569.937627, 54
552055601.128163, 54
552055632.345887, 54
552055663.369415, 54
552055694.545803, 54
552055725.84176, 54
552055757.05338, 54
552055788.14238, 54
552055834.929849, 54
552055866.276574, 54
552055897.387213, 54
552055928.587182, 54
552055959.800467, 54
552055990.93857, 54
552056022.251727, 54
552056054.03012, 54
552056100.271901, 54
552056131.304861, 54
552056162.430758, 54
552056193.627676, 54
552056225.044866, 54
552056256.47454, 54
552056287.445358, 54
552056319.041762, 54
552056349.685778, 54
552056396.534002, 54
552056427.771423, 54
552056460.367101, 54
552056490.163038, 54
552056521.492007, 54
552056552.636214, 54
552056583.910532, 54
552056614.95459, 54
552056646.063564, 54
552056692.964221, 54
552056724.137003, 54
552056755.256242, 54
552056786.640696, 54
new stimulus
552095109.308639, 54
552095619.11453, 54
552095649.958567, 54
552095680.86752, 54
552095711.778415, 54
552095742.764769, 54
552095774.022441, 54
552095805.352521, 54
552095836.854324, 54
552095868.42909, 54
552095914.539095, 54
552095945.688573, 54
552095976.828064, 54
552096008.253022, 54
552096039.572559, 54
552096070.447944, 54
552096101.608519, 54
552096133.293144, 54
552096179.858675, 54
552096211.387111, 54
552096242.41175, 54
552096273.655273, 54
552096305.409808, 54
552096335.928707, 54
552096366.888428, 54
552096398.00517, 54
552096429.278933, 54
552096475.986505, 54
552096507.188138, 54
552096538.287957, 54
552096569.710696, 54
552096600.679849, 54
552096632.025465, 54
552096663.4679, 54
552096694.746934, 54
552096726.262609, 54
552096772.387872, 54
552096803.689654, 54
552096834.878804, 54
552096866.231632, 54
552096897.257102, 54
552096928.445696, 54
552096959.633459, 54
552096990.901118, 54
552097038.041745, 54
552097068.877737, 54
552097099.980608, 54
552097132.716106, 54
552097162.524527, 54
552097193.657915, 54
552097224.796296, 54
552097256.395474, 54
552097287.324124, 54
552097333.950966, 54
552097365.403389, 54
552097396.467698, 54
552097427.701235, 54
552097458.767486, 54
552097490.822469, 54
552097521.155772, 54
552097552.527188, 54
552097583.597045, 54
new stimulus
552123607.72248, 54
552124116.248901, 54
552124147.088222, 54
552124178.064034, 54
552124209.215731, 54
552124240.21984, 54
552124271.603739, 54
552124302.747114, 54
552124334.007006, 54
552124364.950914, 54
552124412.012198, 54
552124443.089547, 54
552124474.94867, 54
552124505.566607, 54
552124536.847861, 54
552124567.745994, 54
552124598.975647, 54
552124630.940745, 54
552124677.086815, 54
552124708.18497, 54
552124739.339442, 54
552124770.663973, 54
552124801.729114, 54
552124833.095259, 54
552124864.256666, 54
552124895.393105, 54
552124926.64828, 54
552124973.442408, 54
552125004.745577, 54
552125035.758564, 54
552125057.860484, 54
552125090.778248, 54
552125123.737904, 54
552125156.854302, 54
552125190.6379, 54
552125223.128158, 54
new stimulus
552151805.280946, 54
552152316.433442, 54
552152346.770074, 54
552152377.818848, 54
552152409.042952, 54
552152440.0859, 54
552152471.260901, 54
552152502.601523, 54
552152533.720762, 54
552152565.015054, 54
552152611.618592, 54
552152643.733498, 54
552152674.199131, 54
552152705.386893, 54
552152736.538868, 54
552152767.864231, 54
552152798.806475, 54
552152830.834548, 54
552152877.19673, 54
552152908.101799, 54
552152939.347542, 54
552152970.49591, 54
552153001.601001, 54
552153033.368575, 54
552153059.83323, 54
552153092.549032, 54
552153125.542533, 54
552153158.461407, 54
552153191.472108, 54
552153224.554384, 54
552153257.738473, 54
552153290.620728, 54
552153323.49355, 54
552153356.860738, 54
552153389.578482, 54
552153422.57448, 54
552153455.577413, 54
552153488.534571, 54
552153521.568853, 54
552153554.508257, 54
552153587.534493, 54
552153620.511904, 54
552153653.631909, 54
552153686.664526, 54
552153719.691873, 54
552153752.671225, 54
552153785.561802, 54
552153818.742008, 54
552153851.800703, 54
552153884.723461, 54
552153917.544683, 54
552153950.643604, 54
552153983.53224, 54
552154024.528528, 54
552154055.317358, 54
552154086.636618, 54
552154117.625746, 54
552154148.842915, 54
552154195.829295, 54
552154226.971283, 54
552154258.412608, 54
552154289.534622, 54
552154320.629725, 54
