new stimulus
new stimulus
553008867.819039, 55
553009375.495995, 55
553009405.516921, 55
553009435.830527, 55
553009465.971022, 55
553009498.905709, 55
553009528.248893, 55
553009560.09692, 55
553009593.130647, 55
553009624.107291, 55
553009669.977881, 55
553009700.725652, 55
553009731.149117, 55
553009765.182117, 55
553009794.741136, 55
553009824.711016, 55
553009859.558804, 55
553009887.363685, 55
553009935.591251, 55
553009965.773359, 55
553009996.581885, 55
553010028.236271, 55
553010060.09262, 55
553010090.255863, 55
553010120.927066, 55
553010152.289603, 55
553010184.453058, 55
553010231.086281, 55
553010261.478397, 55
553010292.467803, 55
553010324.693677, 55
553010355.356002, 55
553010386.127909, 55
553010417.302633, 55
553010448.535337, 55
553010480.264904, 55
553010526.586027, 55
553010558.966426, 55
553010589.150198, 55
553010620.636189, 55
553010651.478838, 55
553010683.228934, 55
553010713.937589, 55
553010745.561736, 55
553010792.06568, 55
553010823.29672, 55
553010854.759962, 55
553010888.211763, 55
553010916.582862, 55
553010947.840534, 55
553010979.539307, 55
553011010.5731, 55
553011041.82356, 55
553011074.306882, 55
553011106.355484, 55
553011139.431656, 55
553011172.634333, 55
553011206.089742, 55
553011238.045407, 55
553011271.697508, 55
553011304.242417, 55
553011337.346887, 55
553011370.549286, 55
553011404.014404, 55
553011437.080867, 55
553011471.645408, 55
553011502.546871, 55
553011538.259105, 55
553011571.610758, 55
553011606.16226, 55
553011638.32183, 55
553011670.406775, 55
new stimulus
553045514.567836, 55
553046010.944846, 55
553046044.357808, 55
553046060.628044, 55
553046093.473401, 55
553046126.849189, 55
553046159.348602, 55
553046193.573301, 55
553046226.991535, 55
553046260.782346, 55
553046293.138609, 55
553046324.266448, 55
553046357.125954, 55
553046389.854794, 55
553046422.927915, 55
553046467.144239, 55
553046498.373059, 55
553046530.108175, 55
553046560.672015, 55
553046591.809564, 55
553046623.340774, 55
553046654.65837, 55
553046701.099894, 55
553046732.278224, 55
553046763.545883, 55
553046794.810769, 55
553046826.040699, 55
553046857.400185, 55
553046888.396804, 55
553046919.609534, 55
553046966.501591, 55
553046998.077466, 55
553047029.291861, 55
553047050.831724, 55
553047090.803216, 55
553047122.37715, 55
553047153.426478, 55
553047184.35818, 55
553047215.642762, 55
553047263.042779, 55
553047294.335684, 55
553047325.326199, 55
553047356.204081, 55
553047387.336914, 55
553047418.966609, 55
553047450.07919, 55
553047482.29258, 55
553047512.020826, 55
553047558.918709, 55
553047589.890915, 55
553047623.277799, 55
553047652.587693, 55
553047683.625648, 55
553047715.000115, 55
553047746.041398, 55
553047777.250799, 55
553047823.911209, 55
553047855.399419, 55
553047886.531697, 55
553047917.40625, 55
553047948.87726, 55
553047979.972085, 55
553048011.358204, 55
553048042.90384, 55
553048073.866336, 55
553048120.642431, 55
553048151.491461, 55
553048183.154447, 55
553048214.509217, 55
553048247.760442, 55
553048276.635894, 55
553048307.710468, 55
553048338.858004, 55
553048369.967255, 55
553048416.952804, 55
553048448.051236, 55
553048479.149946, 55
553048510.264746, 55
553048541.716891, 55
553048572.856104, 55
553048604.002253, 55
new stimulus
553084195.079701, 55
553084703.067924, 55
553084732.492393, 55
553084763.773092, 55
553084795.0979, 55
553084827.754611, 55
553084857.090305, 55
553084888.361294, 55
553084919.830084, 55
553084950.802567, 55
553084998.386237, 55
553085028.949245, 55
553085059.910631, 55
553085091.403834, 55
553085123.039355, 55
553085153.281109, 55
553085184.679989, 55
553085216.137128, 55
553085263.007546, 55
553085293.836324, 55
553085325.016596, 55
553085356.125016, 55
553085387.33081, 55
553085418.493882, 55
553085449.723257, 55
553085480.81198, 55
553085512.224731, 55
553085559.127885, 55
553085590.102865, 55
553085621.29784, 55
553085652.423459, 55
553085683.76741, 55
553085714.897191, 55
553085746.278594, 55
553085777.345677, 55
553085808.443, 55
553085855.945663, 55
553085887.234961, 55
553085918.323961, 55
553085949.165778, 55
553085980.1341, 55
553086011.410914, 55
553086042.437217, 55
553086073.617766, 55
553086120.475145, 55
553086151.497564, 55
553086182.964413, 55
553086215.516258, 55
553086245.499732, 55
553086276.688326, 55
553086307.713519, 55
553086338.791145, 55
553086370.117341, 55
553086417.023269, 55
553086448.310071, 55
553086480.416099, 55
553086510.897545, 55
553086542.241496, 55
553086572.795349, 55
553086603.938446, 55
553086635.145073, 55
553086666.259873, 55
553086713.166356, 55
553086744.478958, 55
553086775.751334, 55
553086806.795947, 55
553086837.976218, 55
553086869.54599, 55
553086900.315123, 55
553086931.423265, 55
553086978.620764, 55
553087009.965269, 55
553087040.878384, 55
553087073.614714, 55
553087103.509968, 55
553087134.622549, 55
553087165.755659, 55
553087197.37398, 55
553087229.906961, 55
553087275.190249, 55
553087306.646555, 55
553087337.319145, 55
553087368.484713, 55
553087399.699108, 55
553087430.849973, 55
553087462.0394, 55
553087494.774066, 55
553087525.635302, 55
553087572.760116, 55
553087602.316361, 55
553087633.546291, 55
553087665.183477, 55
553087696.161785, 55
553087727.019415, 55
553087758.265159, 55
553087789.502579, 55
553087836.46316, 55
553087867.759394, 55
553087898.758232, 55
new stimulus
553118458.368276, 55
553118955.708217, 55
553118988.219004, 55
553119024.09464, 55
553119053.871712, 55
553119102.300687, 55
553119135.028972, 55
553119165.844434, 55
553119196.928995, 55
553119228.410825, 55
553119260.152321, 55
553119290.899537, 55
553119321.954692, 55
553119352.943542, 55
553119384.301087, 55
553119431.201466, 55
553119463.918932, 55
553119493.451596, 55
553119524.777237, 55
553119555.769694, 55
553119586.965501, 55
553119618.35911, 55
553119649.524401, 55
553119696.256941, 55
553119727.617537, 55
553119758.718743, 55
553119789.869608, 55
553119821.302889, 55
553119852.379682, 55
553119883.666484, 55
553119914.443939, 55
553119946.021479, 55
553119992.531804, 55
553120024.437256, 55
553120055.085156, 55
553120086.168052, 55
553120117.543351, 55
553120148.523325, 55
553120179.992115, 55
553120211.079451, 55
553120242.587358, 55
553120289.23029, 55
553120320.147288, 55
553120351.315631, 55
553120382.491186, 55
553120413.629013, 55
553120444.969079, 55
553120477.760617, 55
553120507.660865, 55
new stimulus
553166798.530995, 49
553167304.140049, 49
553167327.747814, 49
553167360.917478, 49
553167391.597281, 49
553167422.714023, 49
553167453.707312, 49
553167484.942791, 49
553167516.06952, 49
553167547.411252, 49
553167594.100513, 49
553167625.358186, 49
553167658.025439, 49
553167687.676284, 49
553167718.791361, 49
553167750.050421, 49
553167781.184641, 49
553167812.758851, 49
553167859.674767, 49
553167890.574842, 49
553167921.74263, 49
553167953.079923, 49
553167984.231065, 49
553168015.40024, 49
553168046.572744, 49
553168077.862043, 49
553168108.930513, 49
553168155.85059, 49
553168186.869957, 49
553168218.133455, 49
553168249.829454, 49
553168280.971442, 49
553168311.933938, 49
553168343.193275, 49
553168374.171028, 49
553168405.322448, 49
553168452.123511, 49
553168483.148704, 49
553168514.684908, 49
553168545.715927, 49
553168576.890095, 49
553168608.243478, 49
553168639.182948, 49
553168670.425085, 49
553168717.11934, 49
553168748.444703, 49
553168779.592239, 49
553168812.325796, 49
553168842.02519, 49
553168873.557787, 49
553168904.598239, 49
553168935.618161, 49
553168967.047835, 49
553169014.422883, 49
553169045.283287, 49
553169076.23108, 49
553169107.310647, 49
553169138.468448, 49
553169169.865386, 49
553169200.937741, 49
553169232.147974, 49
553169263.380956, 49
553169310.174251, 49
553169341.388923, 49
553169372.575853, 49
553169403.736428, 49
553169434.821544, 49
553169466.004035, 49
553169497.310811, 49
553169528.543515, 49
553169575.480237, 49
553169606.37532, 49
553169637.582501, 49
553169669.021053, 49
553169700.14695, 49
553169731.223743, 49
553169762.535513, 49
553169793.765721, 49
553169826.361399, 49
553169871.975928, 49
553169903.130954, 49
553169934.074863, 49
553169965.223509, 49
553169996.682867, 49
553170027.976327, 49
553170059.001242, 49
553170090.210643, 49
553170121.388418, 49
553170167.999724, 49
553170199.273765, 49
553170230.763917, 49
553170262.506522, 49
553170294.921044, 49
553170324.639303, 49
553170355.458649, 49
553170386.366215, 49
new stimulus
553191753.567852, 55
553192240.857632, 55
553192273.423071, 55
553192306.214887, 55
553192339.077444, 55
553192371.812388, 55
553192405.029213, 55
553192438.107605, 55
553192471.119693, 55
553192504.111252, 55
553192536.769628, 55
553192569.993111, 55
553192602.871482, 55
553192635.823092, 55
553192669.092628, 55
553192702.056167, 55
553192735.0677, 55
553192768.716749, 55
553192800.997276, 55
553192834.002151, 55
553192867.106898, 55
553192900.074043, 55
553192933.235107, 55
553192966.030251, 55
553192999.070359, 55
553193041.473176, 55
553193072.597131, 55
553193103.653118, 55
553193135.70283, 55
553193166.105211, 55
553193197.079358, 55
553193243.919537, 55
553193275.942617, 55
553193306.340836, 55
553193337.590741, 55
553193368.816787, 55
553193400.188757, 55
553193431.13433, 55
553193462.338738, 55
553193509.324563, 55
553193540.231575, 55
553193571.634894, 55
553193602.934734, 55
553193633.999598, 55
553193665.215935, 55
553193696.274973, 55
553193727.471613, 55
553193760.265093, 55
553193805.51509, 55
553193836.797176, 55
553193868.116158, 55
553193899.139687, 55
553193930.427875, 55
553193961.607315, 55
553193992.787032, 55
553194024.057466, 55
553194055.583682, 55
553194088.449847, 55
553194121.496058, 55
553194154.623553, 55
553194187.430349, 55
553194220.441882, 55
553194253.672302, 55
553194286.759571, 55
553194319.929512, 55
553194353.364391, 55
553194385.656847, 55
553194418.981035, 55
553194451.783392, 55
553194484.628195, 55
553194517.72129, 55
553194550.702029, 55
553194583.489406, 55
553194616.449061, 55
553194649.51164, 55
new stimulus
553222274.333847, 55
553222773.493398, 55
553222804.022561, 55
553222835.333498, 55
553222866.450518, 55
553222897.397478, 55
553222928.808287, 55
553222960.022127, 55
553222991.138314, 55
553223022.715854, 55
553223069.285269, 55
553223100.224184, 55
553223131.383094, 55
553223162.672115, 55
553223193.797458, 55
553223224.959142, 55
553223256.823814, 55
553223289.181741, 55
553223334.794606, 55
553223365.521848, 55
553223396.861637, 55
553223427.676545, 55
553223459.180568, 55
553223490.394962, 55
553223521.529737, 55
553223552.574349, 55
553223584.007352, 55
553223630.775957, 55
553223661.960945, 55
553223693.015822, 55
553223724.239371, 55
553223755.373591, 55
553223786.689799, 55
553223817.853426, 55
553223849.374372, 55
553223880.341306, 55
553223927.042774, 55
553223958.395048, 55
553223989.586694, 55
553224020.856295, 55
553224052.087335, 55
553224083.299788, 55
553224114.30889, 55
553224145.547143, 55
553224192.124604, 55
553224223.432767, 55
553224254.985062, 55
553224285.875705, 55
553224317.325076, 55
553224348.517554, 55
553224379.46063, 55
553224410.589302, 55
553224441.700773, 55
553224488.83169, 55
553224519.87658, 55
553224551.082929, 55
553224582.244337, 55
553224613.40075, 55
553224644.583241, 55
553224675.881972, 55
553224707.188748, 55
553224738.240851, 55
553224784.875461, 55
553224816.503214, 55
553224847.843003, 55
553224878.603536, 55
553224909.711955, 55
553224941.167152, 55
553224972.213429, 55
553225003.578464, 55
553225051.333025, 55
553225081.629431, 55
553225112.683476, 55
553225143.796612, 55
553225174.980767, 55
553225206.444841, 55
553225237.93749, 55
553225268.958244, 55
553225301.392463, 55
553225346.960386, 55
553225377.886539, 55
553225409.535099, 55
553225440.886262, 55
553225471.264508, 55
553225502.547703, 55
553225533.762652, 55
553225565.014499, 55
553225596.344856, 55
553225643.414463, 55
553225674.16806, 55
553225705.537811, 55
553225736.683405, 55
553225767.929148, 55
553225799.010658, 55
553225830.304118, 55
553225861.492157, 55
553225908.687714, 55
553225939.367794, 55
553225970.634066, 55
553226001.973301, 55
553226033.479543, 55
553226058.779305, 55
553226091.636869, 55
553226124.624544, 55
553226157.639129, 55
553226190.720572, 55
553226223.72517, 55
553226256.919524, 55
553226290.119982, 55
553226322.89959, 55
553226355.707219, 55
553226388.610002, 55
553226421.634574, 55
553226454.608656, 55
553226487.988605, 55
553226520.682213, 55
553226553.683204, 55
553226586.704447, 55
553226619.517069, 55
553226652.62681, 55
553226685.71075, 55
553226718.744477, 55
553226751.585396, 55
553226784.487902, 55
553226817.638147, 55
553226851.059987, 55
553226883.781614, 55
new stimulus
new stimulus
553297105.24219, 49
553297616.387751, 49
553297646.935778, 49
553297678.25698, 49
553297709.414781, 49
553297740.323179, 49
553297771.640497, 49
553297803.460227, 49
553297834.108958, 49
553297865.270643, 49
553297912.031756, 49
553297943.17846, 49
553297974.220021, 49
553298005.920736, 49
553298036.884342, 49
553298067.929509, 49
553298099.190788, 49
553298130.480641, 49
553298177.302233, 49
553298208.254464, 49
553298239.652789, 49
553298270.961507, 49
553298301.945365, 49
553298333.16503, 49
553298364.488729, 49
553298395.470367, 49
553298426.715, 49
553298473.808188, 49
553298504.781781, 49
553298536.150145, 49
553298567.403656, 49
553298598.886595, 49
553298629.660721, 49
553298660.683695, 49
553298691.824295, 49
553298723.161587, 49
553298769.960153, 49
553298801.234471, 49
553298832.223877, 49
553298863.596679, 49
553298894.717028, 49
553298925.877603, 49
553298957.119185, 49
553298988.488103, 49
553299035.431206, 49
553299052.678244, 49
553299085.635125, 49
553299118.925467, 49
553299151.901768, 49
553299184.96185, 49
553299217.777801, 49
553299250.814024, 49
553299283.726241, 49
553299317.569762, 49
553299350.176259, 49
553299382.700085, 49
553299415.670283, 49
553299448.625222, 49
553299481.738569, 49
553299514.834716, 49
553299547.679241, 49
553299580.692161, 49
553299613.691488, 49
553299646.965462, 49
553299679.827743, 49
553299712.675597, 49
553299745.691014, 49
553299778.620431, 49
553299811.931302, 49
553299844.986945, 49
553299877.879742, 49
553299910.670725, 49
553299943.877286, 49
553299976.658559, 49
553300024.982113, 49
553300055.809226, 49
553300086.73649, 49
553300119.508885, 49
553300149.510392, 49
553300180.243182, 49
553300211.516945, 49
553300242.670862, 49
553300274.177936, 49
553300320.653583, 49
553300351.957308, 49
553300383.151173, 49
553300414.231018, 49
553300445.367735, 49
553300476.868151, 49
553300508.083933, 49
553300539.122442, 49
553300586.058332, 49
553300617.186726, 49
553300648.467424, 49
553300679.453223, 49
553300710.789406, 49
553300740.480477, 49
553300773.169647, 49
553300804.439526, 49
553300835.435312, 49
553300882.354001, 49
553300913.524563, 49
553300944.697622, 49
553300976.066263, 49
553301007.608571, 49
553301038.499214, 49
553301069.478632, 49
553301100.731589, 49
553301133.468474, 49
553301178.726239, 49
553301210.228598, 49
553301241.236591, 49
553301272.900686, 49
553301303.637638, 49
553301334.759374, 49
553301366.035633, 49
553301397.19815, 49
553301443.858282, 49
553301475.323189, 49
553301506.426615, 49
553301537.557506, 49
553301568.67619, 49
553301599.810687, 49
553301630.974313, 49
553301662.336851, 49
553301693.587311, 49
553301740.615582, 49
553301771.50789, 49
553301803.225805, 49
553301834.204669, 49
553301865.267868, 49
553301896.344662, 49
553301927.591515, 49
553301958.729064, 49
553301989.984794, 49
553302037.190893, 49
553302068.07571, 49
553302099.254317, 49
553302130.262588, 49
553302161.536905, 49
553302192.723558, 49
553302224.018127, 49
553302255.557106, 49
553302301.970333, 49
553302333.199985, 49
553302364.259856, 49
553302395.823247, 49
553302426.95608, 49
553307627.431082, 50
new stimulus
553327917.562716, 55
553328422.462679, 55
553328452.850356, 55
553328484.192642, 55
553328515.30772, 55
553328546.100156, 55
553328577.303176, 55
553328608.577494, 55
553328639.69923, 55
553328671.087845, 55
553328717.924973, 55
553328749.048928, 55
553328780.231142, 55
553328811.297393, 55
553328842.558672, 55
553328873.93841, 55
553328904.878435, 55
553328936.507297, 55
553328983.173533, 55
553329014.366289, 55
553329045.443082, 55
553329076.631954, 55
553329107.699593, 55
553329138.853509, 55
553329170.311203, 55
553329201.412964, 55
553329232.749979, 55
553329279.577675, 55
553329310.696636, 55
553329342.649805, 55
553329373.096019, 55
553329404.2258, 55
553329435.376665, 55
553329466.618524, 55
553329497.834861, 55
553329529.093088, 55
553329575.801215, 55
553329607.607073, 55
553329638.371766, 55
553329669.610297, 55
553329700.682097, 55
553329732.056009, 55
553329763.000195, 55
553329794.231512, 55
553329841.13633, 55
553329874.037727, 55
553329904.790769, 55
553329936.323089, 55
553329966.014161, 55
553329997.361995, 55
553330028.555306, 55
553330059.950857, 55
553330090.582388, 55
553330137.864778, 55
553330168.677466, 55
553330199.944571, 55
553330230.993622, 55
553330262.987017, 55
553330293.695117, 55
553330324.693122, 55
553330356.025421, 55
553330387.139667, 55
553330433.86749, 55
553330465.134872, 55
553330496.489087, 55
553330527.380286, 55
553330558.542802, 55
553330589.921431, 55
553330621.057038, 55
553330652.107476, 55
553330699.013682, 55
553330730.39231, 55
553330761.382548, 55
553330792.674066, 55
553330823.746698, 55
553330855.209385, 55
553330888.67478, 55
553330917.613484, 55
553330950.155897, 55
553330995.473307, 55
553331026.943762, 55
553331057.824696, 55
553331089.268796, 55
553331120.528688, 55
553331151.423492, 55
553331182.681165, 55
553331213.778488, 55
553331244.974295, 55
553331291.844436, 55
553331323.166193, 55
553331354.182508, 55
553331385.447394, 55
553331416.725595, 55
553331447.851215, 55
553331479.006519, 55
553331510.284165, 55
553331557.212287, 55
553331588.251906, 55
553331619.577824, 55
553331650.663773, 55
553331681.784954, 55
553331713.034304, 55
553331744.346905, 55
553331775.296917, 55
553331806.61368, 55
553331853.537641, 55
553331884.661874, 55
553331915.88681, 55
553331947.064863, 55
553331978.440994, 55
553332010.024915, 55
553332040.791273, 55
553332071.901357, 55
553332103.041125, 55
553332149.678232, 55
553332181.094035, 55
553332212.277358, 55
553332243.37801, 55
553332274.758858, 55
553332305.757418, 55
553332336.977084, 55
553332368.257227, 55
553332414.957308, 55
553332446.212207, 55
553332477.460169, 55
553332508.534466, 55
553332539.733048, 55
553332571.015133, 55
553332602.183476, 55
553332633.72717, 55
553332664.633904, 55
553332711.334263, 55
553332742.528683, 55
553332773.824085, 55
553332804.916136, 55
553332836.313907, 55
553332867.555211, 55
553332898.705244, 55
553332930.629561, 55
553332960.97618, 55
553333007.892651, 55
553333039.128684, 55
553333073.058206, 55
553333101.755553, 55
553333132.840669, 55
553333163.828964, 55
553333194.99592, 55
553333226.252483, 55
553333273.403097, 55
553333304.034628, 55
553333335.556961, 55
553333366.522231, 55
553333397.797104, 55
553333428.928549, 55
553333460.162641, 55
553333491.682754, 55
new stimulus
553359494.41314, 55
553359987.183666, 55
553360033.727836, 55
553360064.799358, 55
553360095.646446, 55
553360126.697717, 55
553360157.898795, 55
553360189.626698, 55
553360220.235203, 55
553360251.888479, 55
553360298.317519, 55
553360329.338551, 55
553360360.691102, 55
553360391.730166, 55
553360422.947335, 55
553360454.221652, 55
553360489.057789, 55
553360517.778161, 55
553360547.911998, 55
553360594.756893, 55
553360625.862816, 55
553360657.011184, 55
553360688.334328, 55
553360719.481309, 55
553360750.683775, 55
553360781.999983, 55
553360812.919479, 55
553360844.133041, 55
553360890.948807, 55
553360922.269454, 55
553360953.451113, 55
553360984.565913, 55
553361016.831737, 55
553361047.362287, 55
553361078.34975, 55
553361109.449015, 55
553361156.287252, 55
553361187.456982, 55
553361218.632815, 55
553361250.460034, 55
553361281.519073, 55
553361312.223843, 55
new stimulus
553395913.052391, 54
553396422.057643, 54
553396452.634245, 54
553396483.752096, 54
553396514.96871, 54
553396546.006387, 54
553396577.347564, 54
553396608.313111, 54
553396639.473963, 54
553396670.665609, 54
553396717.460291, 54
553396748.803687, 54
553396779.808351, 54
553396811.583138, 54
553396842.352548, 54
553396873.426567, 54
553396904.638742, 54
553396936.742829, 54
553396982.894169, 54
553397014.384321, 54
553397045.536574, 54
553397076.488527, 54
553397107.939008, 54
553397138.868768, 54
553397169.79936, 54
553397201.133878, 54
553397232.303053, 54
553397279.445067, 54
553397310.57679, 54
553397341.473814, 54
553397372.789745, 54
553397404.137857, 54
553397435.141966, 54
553397466.321683, 54
553397497.511942, 54
553397528.623968, 54
553397575.672768, 54
553397607.240043, 54
553397638.043022, 54
553397669.074595, 54
553397700.464875, 54
553397731.576346, 54
553397762.861761, 54
553397793.991819, 54
553397840.702165, 54
553397872.006167, 54
553397903.298517, 54
553397935.945518, 54
553397965.800546, 54
553397996.695905, 54
553398028.321717, 54
553398059.251754, 54
553398090.367941, 54
553398137.237527, 54
553398168.385341, 54
553398199.545083, 54
553398230.698722, 54
553398262.651614, 54
553398293.24819, 54
553398324.474237, 54
553398355.506642, 54
553398386.811477, 54
553398434.098305, 54
553398464.724843, 54
553398496.23053, 54
553398527.130329, 54
553398558.178548, 54
553398589.606834, 54
553398620.791545, 54
553398651.82728, 54
553398698.654975, 54
553398729.888789, 54
553398761.119552, 54
553398792.335056, 54
new stimulus
553427716.96759, 55
553428217.567238, 55
553428248.270344, 55
553428279.123813, 55
553428310.39064, 55
553428341.469375, 55
553428372.835242, 55
553428403.917029, 55
553428435.184134, 55
553428466.167159, 55
553428513.005951, 55
553428544.171797, 55
553428575.307404, 55
553428606.779801, 55
553428638.712163, 55
553428670.395955, 55
553428699.981884, 55
553428731.602424, 55
553428778.289189, 55
553428809.336576, 55
553428840.465247, 55
553428871.674648, 55
553428902.759209, 55
553428933.857642, 55
553428965.133624, 55
553428996.469529, 55
553429027.799054, 55
553429059.877063, 55
553429106.90256, 55
553429137.863113, 55
553429169.058089, 55
553429200.251954, 55
553429231.47162, 55
553429263.422569, 55
553429293.958668, 55
553429324.953899, 55
553429371.754407, 55
553429403.005699, 55
553429434.224532, 55
553429465.539353, 55
553429496.537636, 55
553429527.794199, 55
553429559.129272, 55
553429590.75009, 55
553429621.610217, 55
553429668.230955, 55
553429699.296097, 55
553429732.203042, 55
553429761.968463, 55
553429792.877971, 55
553429825.931117, 55
553429857.674555, 55
553429886.62602, 55
553429917.737491, 55
553429964.496663, 55
553429995.798446, 55
553430027.09468, 55
553430049.444615, 55
553430082.421748, 55
553430115.852188, 55
new stimulus
553465368.4603, 54
553465868.348083, 54
553465898.987937, 54
553465930.10884, 54
553465961.359022, 54
553465992.348428, 54
553466023.824154, 54
553466052.022141, 54
553466084.149808, 54
553466117.231529, 54
553466150.329896, 54
553466183.162769, 54
553466216.163206, 54
553466249.429967, 54
553466282.215679, 54
553466315.22416, 54
553466348.358314, 54
553466381.747696, 54
553466414.297045, 54
553466447.126034, 54
553466480.182787, 54
553466513.17712, 54
553466546.286583, 54
553466579.268155, 54
553466612.295779, 54
553466645.279015, 54
553466678.224522, 54
553466711.271288, 54
553466744.215685, 54
553466777.302122, 54
553466810.547245, 54
553466843.529926, 54
553466876.302322, 54
553466909.208712, 54
553466942.307633, 54
553466975.568569, 54
553467008.60507, 54
553467055.295996, 54
553467086.260156, 54
553467117.51228, 54
553467148.74443, 54
553467179.953276, 54
553467211.032844, 54
553467242.364588, 54
553467273.783997, 54
553467320.3376, 54
553467351.432703, 54
553467384.212866, 54
553467414.011855, 54
553467445.174094, 54
553467476.381276, 54
553467507.471386, 54
553467538.700761, 54
553467570.071899, 54
553467616.681263, 54
553467647.839619, 54
553467678.928341, 54
553467710.177414, 54
553467741.41955, 54
553467772.953812, 54
553467803.779539, 54
553467834.993101, 54
553467866.183083, 54
553467913.059604, 54
553467944.291477, 54
553467975.34247, 54
553468006.885332, 54
553468038.223457, 54
553468063.843918, 54
553468096.805515, 54
553468129.881687, 54
553468164.026489, 54
553468196.452662, 54
553468228.899642, 54
553468262.1603, 54
553468294.807301, 54
553468329.549392, 54
553468363.163485, 54
553468394.151503, 54
553468427.020719, 54
new stimulus
553499713.343629, 55
553500208.976593, 55
553500241.661601, 55
553500274.261163, 55
553500307.22276, 55
553500340.074776, 55
553500373.338485, 55
553500406.265405, 55
553500439.307732, 55
553500472.352279, 55
553500505.065029, 55
553500538.076007, 55
553500570.982397, 55
553500603.911536, 55
553500637.164981, 55
553500670.232554, 55
553500703.075415, 55
553500736.641237, 55
553500769.119843, 55
553500802.105576, 55
553500835.014186, 55
553500868.254592, 55
553500901.158208, 55
553500934.165302, 55
553500967.104151, 55
553501000.047716, 55
553501046.103346, 55
553501076.534302, 55
553501107.778935, 55
553501138.889574, 55
553501170.163892, 55
553501201.239021, 55
553501232.502242, 55
553501279.441461, 55
553501310.41866, 55
553501341.633886, 55
553501373.074102, 55
553501404.130921, 55
553501435.653809, 55
553501466.545562, 55
553501497.680892, 55
553501528.824821, 55
553501575.698291, 55
553501606.940983, 55
553501638.107661, 55
553501669.230506, 55
553501700.377487, 55
553501732.027434, 55
553501762.814044, 55
553501794.041201, 55
553501825.312467, 55
553501872.089671, 55
553501903.320156, 55
553501934.47435, 55
553501965.767255, 55
553501996.781629, 55
553502028.264013, 55
553502056.700305, 55
553502089.6988, 55
553502122.732249, 55
553502155.721311, 55
553502188.693728, 55
553502221.746875, 55
553502255.19396, 55
553502287.725831, 55
553502320.659132, 55
553502353.752227, 55
553502386.972659, 55
553502419.776403, 55
553502453.071184, 55
553502485.733721, 55
553502518.885352, 55
553502551.733206, 55
553502584.616571, 55
553502617.703563, 55
553502650.667934, 55
553502683.672532, 55
553502716.88797, 55
553502749.933904, 55
553502782.800345, 55
553502815.743078, 55
553502848.789566, 55
553502881.611343, 55
553502914.614554, 55
553502947.634964, 55
553502980.703092, 55
553503023.494299, 55
553503055.224144, 55
553503085.808236, 55
553503117.111406, 55
553503148.119676, 55
553503179.283302, 55
553503226.223631, 55
553503257.817539, 55
553503288.70513, 55
553503319.618522, 55
553503351.005751, 55
553503382.232352, 55
553503413.131318, 55
553503444.695542, 55
553503475.857781, 55
553503522.698238, 55
553503553.722321, 55
553503584.860702, 55
553503616.067329, 55
553503647.182406, 55
553503678.502499, 55
553503710.077264, 55
553503741.239226, 55
553503772.19118, 55
553503818.856028, 55
553503850.127572, 55
553503881.314779, 55
553503912.448444, 55
553503943.938873, 55
553503974.836452, 55
553504006.26252, 55
553504037.440017, 55
553504084.232758, 55
553504115.201911, 55
553504146.495094, 55
553504177.692011, 55
553504208.908902, 55
553504240.14022, 55
553504271.50997, 55
553504302.762372, 55
553504333.924334, 55
553504380.782545, 55
553504411.904281, 55
553504442.917822, 55
553504474.135546, 55
553504505.235088, 55
553504536.481386, 55
553504567.672477, 55
553504598.846369, 55
553504630.000285, 55
553504676.868762, 55
553504708.222977, 55
553504739.480927, 55
553504770.39959, 55
553504801.749366, 55
553504832.863057, 55
553504864.104084, 55
553504895.366472, 55
553504942.071825, 55
553504973.395801, 55
553505004.570247, 55
553505035.817932, 55
553505064.73888, 55
553505098.337161, 55
553505129.345986, 55
553505160.713795, 55
553505191.655761, 55
553505238.540328, 55
553505269.930885, 55
553505300.957465, 55
553505332.195164, 55
553505363.427591, 55
553505394.662237, 55
553505425.64221, 55
553505456.970348, 55
553505488.344815, 55
553505534.949186, 55
553505566.569171, 55
553505597.397949, 55
553505628.626215, 55
553505659.609795, 55
553505690.930442, 55
553505723.774967, 55
553505753.259914, 55
553505800.136158, 55
553505831.327527, 55
553505862.685626, 55
553505893.733845, 55
553505924.823122, 55
553505956.319932, 55
553505987.378138, 55
553506018.767586, 55
553506050.143163, 55
553506096.703701, 55
553506127.885915, 55
553506159.004599, 55
553506190.093321, 55
553506221.344336, 55
new stimulus
553535960.22298, 55
553536459.511809, 55
553536489.744963, 55
553536520.810382, 55
553536552.147674, 55
553536583.114054, 55
553536614.410288, 55
553536645.669902, 55
553536676.701199, 55
553536707.911987, 55
553536754.671714, 55
553536785.969612, 55
553536817.347963, 55
553536848.738521, 55
553536879.615016, 55
553536910.724822, 55
553536942.084586, 55
553536974.701348, 55
553537020.675139, 55
553537051.345509, 55
553537082.353225, 55
553537113.499928, 55
553537145.021706, 55
553537176.121526, 55
553537207.371153, 55
553537238.310068, 55
553537270.048235, 55
553537316.45092, 55
553537347.505242, 55
553537378.703269, 55
553537409.928483, 55
553537441.186155, 55
553537472.312052, 55
553537503.608009, 55
553537534.806313, 55
553537565.992411, 55
553537612.668356, 55
553537643.990113, 55
553537675.06552, 55
553537706.398373, 55
553537737.506515, 55
553537768.937577, 55
553537800.009099, 55
553537831.222939, 55
553537877.998756, 55
553537909.130202, 55
553537940.182304, 55
553537971.479926, 55
553538002.996433, 55
553538034.463559, 55
553538065.08649, 55
553538096.359698, 55
553538127.538028, 55
553538174.448672, 55
553538205.395632, 55
553538236.674389, 55
553538268.065778, 55
553538299.272128, 55
553538331.31213, 55
553538362.484911, 55
553538393.618854, 55
553538424.917307, 55
553538471.766919, 55
553538502.872564, 55
553538534.136617, 55
553538565.402057, 55
553538596.733524, 55
553538627.949861, 55
553538659.608408, 55
553538690.099563, 55
553538721.353629, 55
553538768.169673, 55
553538799.262279, 55
553538830.571275, 55
553538861.909954, 55
553538892.902412, 55
553538924.21113, 55
553538955.374479, 55
553538988.075854, 55
553539017.841275, 55
553539064.824881, 55
553539095.956327, 55
553539126.987345, 55
553539158.167617, 55
553539189.442212, 55
553539221.531041, 55
553539253.04727, 55
553539284.317981, 55
553539315.239974, 55
553539361.935893, 55
553539393.17054, 55
553539424.422664, 55
553539455.63151, 55
553539486.675568, 55
553539518.118558, 55
553539549.190635, 55
553539580.197518, 55
553539611.550069, 55
553539658.387751, 55
553539689.512261, 55
553539720.751347, 55
553539751.855882, 55
