new stimulus
new stimulus
550926367.069584, 49
new stimulus
550955363.960795, 54
550955862.946957, 54
550956587.746444, 54
new stimulus
551002760.810781, 54
551003264.277028, 54
551003294.284361, 54
551003319.220977, 54
new stimulus
551040299.515982, 49
new stimulus
551071656.72322, 54
551072154.302854, 54
551072185.488674, 54
551072218.404219, 54
551072251.020704, 54
551072284.976858, 54
551072316.984957, 54
551072349.979845, 54
551072383.019675, 54
551072415.945485, 54
551072447.133247, 54
new stimulus
new stimulus
551132930.939996, 54
new stimulus
new stimulus
551203905.24907, 54
551204409.109256, 54
551204440.18383, 54
551204470.087407, 54
new stimulus
551237376.877833, 54
551237874.517112, 54
551237906.849239, 54
551237940.149846, 54
551237972.683936, 54
551238006.079699, 54
551238043.685892, 54
551238074.204791, 54
new stimulus
551273019.607897, 49
551273526.624311, 49
new stimulus
new stimulus
551343094.113413, 54
551343596.660562, 54
551343625.780144, 54
551343656.897719, 54
551343688.292438, 54
551343719.136474, 54
551343750.335056, 54
551343781.53336, 54
551343812.569372, 54
551343843.783212, 54
new stimulus
551375682.095944, 54
551376166.316606, 54
551376198.560513, 54
551376231.909946, 54
551376264.667916, 54
551376297.240013, 54
551376330.156945, 54
551376363.377377, 54
551376396.14367, 54
551376429.103048, 54
551376462.909672, 54
new stimulus
551411429.608233, 54
551411930.399579, 54
551411961.656419, 54
551411992.442197, 54
551412023.620526, 54
551412054.429053, 54
551412086.229917, 54
551412117.029566, 54
551412148.332736, 54
551412179.257225, 54
551412226.729371, 54
551412257.424432, 54
551412288.709292, 54
551412319.614916, 54
551412350.858717, 54
new stimulus
551445365.799547, 54
551445864.430332, 54
551445894.996392, 54
551445926.193031, 54
551445957.230708, 54
551445990.582915, 54
551446019.665601, 54
551446050.845595, 54
551446082.381522, 54
551446113.466083, 54
