new stimulus
new stimulus
58458292.304781, 49
58458789.762494, 49
58458817.389478, 49
58458848.984416, 49
58458879.079061, 49
58458914.913827, 49
58458941.16508, 49
58458972.288402, 49
58459003.345698, 49
58459034.439337, 49
58459084.697228, 49
58459113.560123, 49
58459145.833633, 49
58459174.579179, 49
58459207.973471, 49
58459235.813792, 49
58459269.226394, 49
58459299.911391, 49
58459346.459052, 49
58459378.175778, 49
58459409.412843, 49
58459439.921955, 49
58459470.980084, 49
new stimulus
58488356.614052, 55
58488862.85797, 55
58488893.261107, 55
58488924.160828, 55
58488954.835006, 55
58488986.295118, 55
58489017.276956, 55
58489048.434401, 55
58489081.256096, 55
58489113.10432, 55
58489157.508625, 55
58489188.664405, 55
58489220.295963, 55
58489251.175988, 55
58489282.157826, 55
58489313.510021, 55
58489344.573143, 55
58489376.730414, 55
58489422.918259, 55
58489454.622501, 55
58489485.137439, 55
58489516.798959, 55
58489547.994966, 55
58489580.259877, 55
58489610.085423, 55
58489641.046732, 55
58489672.400591, 55
58489719.056723, 55
58489750.234698, 55
58489781.781088, 55
58489813.431788, 55
58489843.968642, 55
58489875.320837, 55
58489906.366759, 55
58489937.442088, 55
58489968.854206, 55
58490015.381614, 55
58490046.859481, 55
58490077.861293, 55
58490109.018461, 55
58490140.593703, 55
58490171.63158, 55
58490202.717451, 55
58490233.857141, 55
new stimulus
58510903.490734, 55
58511404.083306, 55
58511434.47063, 55
58511465.519881, 55
58511496.874573, 55
58511527.812301, 55
58511558.824378, 55
58511590.72337, 55
58511621.333186, 55
58511652.487579, 55
58511699.55263, 55
58511730.897335, 55
58511761.645861, 55
58511792.847417, 55
58511824.109172, 55
58511855.483839, 55
58511886.610768, 55
58511918.057841, 55
58511965.159511, 55
58511995.840347, 55
58512026.81081, 55
58512057.921372, 55
58512089.202824, 55
58512121.090165, 55
58512151.779878, 55
58512182.862697, 55
58512213.957723, 55
58512261.269401, 55
58512292.601344, 55
58512323.227806, 55
58512354.457103, 55
58512386.127223, 55
58512417.281339, 55
58512448.194099, 55
58512479.277473, 55
58512510.396911, 55
58512557.11796, 55
58512588.393032, 55
58512619.517742, 55
58512650.879092, 55
58512682.017395, 55
58512714.603559, 55
58512744.582242, 55
58512776.062883, 55
58512822.627744, 55
58512854.445451, 55
58512884.960944, 55
58512917.362346, 55
new stimulus
58543940.189667, 55
58544444.860606, 55
58544476.394235, 55
58544506.407873, 55
58544537.176374, 55
58544569.528117, 55
58544599.527607, 55
58544630.758291, 55
58544661.979544, 55
58544693.495694, 55
58544740.66894, 55
58544771.021309, 55
58544802.073334, 55
58544833.362277, 55
58544864.498638, 55
58544896.267797, 55
58544927.126183, 55
58544958.763012, 55
58545240.51941, 55
58545754.811037, 55
58545787.073173, 55
58545818.740796, 55
58545847.45, 55
58545878.396328, 55
58545909.786529, 55
58545941.053556, 55
58546222.269815, 55
58547099.943184, 55
58547610.893551, 55
58547641.389347, 55
58547672.454133, 55
58547703.689812, 55
58547734.952677, 55
58547766.165052, 55
58547797.291426, 55
58547828.774841, 55
58547859.592723, 55
58547906.324036, 55
58547937.786922, 55
58547969.061162, 55
58548000.335679, 55
58548031.385208, 55
58548062.530724, 55
58548093.706479, 55
58548125.097236, 55
58548171.687064, 55
58548202.94882, 55
58548234.084626, 55
58548265.510338, 55
58548296.437801, 55
58548327.691512, 55
58548360.24716, 55
58548391.522786, 55
58548422.68578, 55
58548468.164537, 55
58548499.268163, 55
58548530.600383, 55
58548561.709002, 55
58548592.811241, 55
58548624.716891, 55
58548655.373037, 55
58548686.470559, 55
58548717.647979, 55
58548764.546299, 55
58548795.591389, 55
58548826.801545, 55
58548858.190082, 55
58548889.518141, 55
58548920.483056, 55
58548951.840245, 55
58548982.862586, 55
58549029.677681, 55
58549060.745796, 55
58549092.142934, 55
58549123.298714, 55
58549154.699736, 55
58549185.64967, 55
58549216.783257, 55
58549247.945419, 55
58549279.265433, 55
58549326.15765, 55
58551812.059108, 55
new stimulus
new stimulus
58622453.130531, 55
58622958.602385, 55
58622989.30264, 55
58623020.166852, 55
58623051.213329, 55
58623082.417936, 55
58623113.666098, 55
58623144.770001, 55
58623175.849213, 55
58623207.122066, 55
58623253.845611, 55
58623286.645112, 55
58623316.341935, 55
58623347.526291, 55
58623378.560006, 55
58623409.954647, 55
58623441.453597, 55
58623472.798025, 55
58623519.133735, 55
58623550.128057, 55
58623581.511601, 55
58623612.626601, 55
58623644.405747, 55
58623675.304081, 55
58623706.357771, 55
58623737.342105, 55
58623768.629661, 55
58623815.554059, 55
58623846.656853, 55
58623877.943854, 55
58623908.973131, 55
58623940.192441, 55
58623971.334351, 55
58624002.590836, 55
58624033.810978, 55
58624064.944565, 55
58624111.880615, 55
58624142.970925, 55
58624174.743135, 55
58624205.964388, 55
58624236.581139, 55
58624267.867308, 55
58624299.372639, 55
58624330.406632, 55
58624376.905189, 55
58624408.257384, 55
58624439.470591, 55
58624470.777844, 55
58624502.079826, 55
58624532.860811, 55
58624564.123399, 55
58624595.961358, 55
58630708.596282, 55
new stimulus
58663959.264589, 55
58665134.133674, 55
new stimulus
new stimulus
58732879.136765, 50
58733390.449167, 50
58733420.656444, 50
58733451.603882, 50
58733482.691972, 50
58733513.886592, 50
58733545.061792, 50
58733576.144057, 50
58733607.333683, 50
58733638.502502, 50
58733685.2979, 50
58733716.587953, 50
58733747.714327, 50
58733779.057089, 50
58733810.00203, 50
58733841.439394, 50
58733872.616813, 50
58733904.387914, 50
58733950.682289, 50
58733981.779534, 50
58734013.042954, 50
58734044.359085, 50
58734075.513756, 50
58734106.514458, 50
58734137.854169, 50
58734169.41332, 50
58734200.611547, 50
58734247.026322, 50
58734278.161297, 50
58734309.284897, 50
58734340.585491, 50
58734371.904118, 50
58734403.840007, 50
58734434.169906, 50
58734465.421952, 50
58734496.647365, 50
58734543.535976, 50
58734574.574963, 50
58734611.149888, 50
58734637.405302, 50
58734666.199397, 50
58734699.384236, 50
58734730.488416, 50
58734761.83423, 50
58734808.520601, 50
58734839.733531, 50
58734870.94868, 50
58739284.207135, 50
58739814.94401, 50
58742220.293744, 54
new stimulus
58771688.83169, 55
58772187.125828, 55
58772217.714837, 55
58772248.73912, 55
58772281.544725, 55
58772311.269845, 55
58772341.930706, 55
58772373.039603, 55
58772405.133622, 55
58772435.51845, 55
58772482.221743, 55
58772513.516512, 55
58772544.897004, 55
58772575.975939, 55
58772607.084836, 55
58772638.156558, 55
58772669.387243, 55
58772702.395087, 55
58772747.938206, 55
58772778.862617, 55
58772809.820597, 55
58772841.170295, 55
58772872.24285, 55
58772903.638877, 55
58772934.755264, 55
58772966.086375, 55
58772997.413325, 55
58773044.124109, 55
58773075.352019, 55
58773106.264502, 55
58773137.725168, 55
58773168.654019, 55
58773200.470617, 55
58773231.173646, 55
58773262.340524, 55
58773293.41724, 55
58773340.331928, 55
58773371.451644, 55
58773402.934227, 55
58773433.840052, 55
58773465.294338, 55
58773496.496448, 55
58774141.773575, 55
new stimulus
58803837.80046, 55
58804338.207992, 55
58804368.795337, 55
58804400.148087, 55
58804431.071111, 55
58804462.022433, 55
58804493.392383, 55
58804524.35924, 55
58804555.650957, 55
58804586.83559, 55
58804633.580219, 55
58804664.882201, 55
58804696.030214, 55
58804727.170737, 55
58804758.522377, 55
58804789.647364, 55
58804820.872223, 55
58804852.446077, 55
58804899.244804, 55
58804930.122609, 55
58804961.219021, 55
58804992.651668, 55
58805023.626016, 55
58805054.829791, 55
58809345.595717, 55
new stimulus
58839363.330695, 55
58840712.395564, 55
58841216.184305, 55
58841246.978051, 55
58841277.863069, 55
new stimulus
new stimulus
58899885.702768, 55
58900387.020241, 55
58908118.115378, 55
58910354.789454, 55
new stimulus
new stimulus
58978700.860671, 50
58979212.84138, 50
58979243.289737, 50
58979274.556209, 50
58979305.67426, 50
58979336.81617, 50
58979368.008848, 50
58979400.75231, 50
58979430.67967, 50
58979461.661785, 50
58979508.524041, 50
58979539.663732, 50
58979571.426233, 50
58979602.006365, 50
58979633.132739, 50
58979664.278533, 50
58979695.396307, 50
58979727.523062, 50
58979773.564706, 50
58979804.765429, 50
58979836.267986, 50
58979867.484245, 50
58979898.699116, 50
58979929.510895, 50
58979960.744354, 50
58979992.094884, 50
58980022.998489, 50
58980070.077411, 50
58980101.130824, 50
58980132.357624, 50
58980163.462914, 50
58980194.765174, 50
58980225.886554, 50
58980257.340008, 50
58980288.365678, 50
58980319.649628, 50
