new stimulus
new stimulus
59883881.299817, 55
59884393.70831, 55
59884420.84731, 55
59884449.662766, 55
59884481.677443, 55
59884511.863914, 55
59884545.655196, 55
59884573.651982, 55
59884604.67155, 55
59884635.764633, 55
59884683.532114, 55
59884719.336641, 55
59884744.24795, 55
59884779.319807, 55
59884807.226432, 55
59884838.504555, 55
59884869.860357, 55
59884901.374011, 55
59884948.274274, 55
59884978.334796, 55
59885010.353079, 55
59885041.521899, 55
59885072.406084, 55
59885103.685872, 55
59885135.633968, 55
59885166.76811, 55
59885197.552701, 55
59885243.986064, 55
59885275.185677, 55
59885306.619712, 55
59885337.697537, 55
59885368.851099, 55
59885400.220771, 55
59885431.209267, 55
59885462.40361, 55
59885494.080665, 55
59885540.492389, 55
59885571.548298, 55
59885602.833912, 55
59885634.473238, 55
59885665.105525, 55
59885696.414165, 55
59885727.479506, 55
59885758.708804, 55
59885805.691183, 55
59885837.043101, 55
59885867.956693, 55
59885900.473502, 55
59885977.073084, 55
59885993.346054, 55
59885994.289008, 55
59886022.295781, 55
59886057.699157, 55
59886102.858602, 55
59886133.604077, 55
59886165.591567, 55
59886196.598095, 55
59886226.962948, 55
59886258.042161, 55
59886289.35191, 55
59886321.191812, 55
59886351.459568, 55
59886398.616722, 55
59886429.522547, 55
59886460.681102, 55
59886491.90596, 55
59886523.261484, 55
59886554.263574, 55
59886585.762802, 55
59886616.880576, 55
59886664.003053, 55
59886695.078659, 55
59886726.612288, 55
59886758.885244, 55
59886789.38853, 55
59886819.591647, 55
59887110.51709, 55
new stimulus
59914183.055505, 55
59915047.754997, 55
59919939.564914, 55
new stimulus
new stimulus
59992857.525381, 55
59993367.629613, 55
59993399.795762, 55
59993429.723122, 55
59993461.27617, 55
59993491.665159, 55
59993522.810953, 55
59993554.025824, 55
59993585.31338, 55
59993617.222914, 55
59993663.694561, 55
59993694.631457, 55
59993726.067155, 55
59993757.321976, 55
59993788.117109, 55
59993819.277051, 55
59993850.52022, 55
59993881.968125, 55
59993928.360152, 55
59993959.487913, 55
59993990.751334, 55
59994021.909889, 55
59994053.015734, 55
59994084.220063, 55
59994115.39138, 55
59994147.887937, 55
59994177.949291, 55
59994225.120594, 55
59994255.988967, 55
59994287.039883, 55
59994318.232561, 55
59994349.432451, 55
59994381.308695, 55
59994412.273055, 55
59994443.01853, 55
59994476.623107, 55
59994522.068019, 55
59994553.2926, 55
59994583.832506, 55
59994616.299657, 55
59994646.588774, 55
59994677.476566, 55
59994708.27697, 55
59994739.701017, 55
59994786.259774, 55
59994817.314574, 55
59994848.569672, 55
59994879.971525, 55
59994911.28821, 55
59994942.232319, 55
59994973.479371, 55
59995004.667333, 55
59995035.873049, 55
59995082.904255, 55
59995114.139933, 55
59995145.342598, 55
59995178.517727, 55
59995209.57974, 55
59995238.445964, 55
59995269.891095, 55
59995300.827991, 55
59995332.521968, 55
59995379.376457, 55
59995410.317791, 55
59995441.486611, 55
59995472.442371, 55
59995503.896379, 55
59995535.041341, 55
59995566.100024, 55
59995597.23694, 55
59995644.105022, 55
59995675.751284, 55
59995706.565559, 55
59995737.751579, 55
59995768.903476, 55
new stimulus
60020780.631177, 55
60021291.521066, 55
60021322.450194, 55
60021352.92019, 55
60021384.41387, 55
60021415.142145, 55
60021446.245493, 55
60021477.503642, 55
60021508.825321, 55
60021539.937269, 55
60021586.993997, 55
60021619.387909, 55
60021650.114242, 55
60021681.779368, 55
60021711.502823, 55
60021742.664152, 55
60021773.914256, 55
60021805.749996, 55
60021852.072946, 55
60021883.000409, 55
60021914.320146, 55
60021945.542508, 55
60021977.041181, 55
60022007.886528, 55
60022039.953359, 55
60022070.474401, 55
60022989.518752, 55
60026864.87066, 55
new stimulus
60052994.040161, 55
60053505.118697, 55
60053535.777339, 55
60053566.788306, 55
60053597.782905, 55
60053628.832711, 55
60053659.981002, 55
60053691.272719, 55
60053722.409358, 55
60053753.761553, 55
60053800.475111, 55
60053831.64504, 55
60053862.878222, 55
60053893.993776, 55
60053925.129305, 55
60053956.448765, 55
60053987.60843, 55
60054019.436679, 55
60054065.730777, 55
60054096.776144, 55
60054128.212398, 55
60054159.311862, 55
60054190.376926, 55
60054221.760192, 55
60054252.886012, 55
60054285.669977, 55
60054315.495246, 55
60054362.178843, 55
60054393.323527, 55
60054424.575018, 55
60054456.266222, 55
60054487.569036, 55
60054518.007683, 55
60054549.379297, 55
60054580.470162, 55
60054611.621781, 55
60054658.476547, 55
60054689.628166, 55
60054721.061091, 55
60054751.958315, 55
60054783.324936, 55
60054814.392775, 55
60054845.647595, 55
60054876.756214, 55
60054923.72278, 55
60054954.80227, 55
60054986.209395, 55
60055018.531454, 55
60055048.439395, 55
60055079.478381, 55
60055111.223405, 55
60055142.016319, 55
60055173.288616, 55
60055219.986361, 55
60055251.183201, 55
60055282.442182, 55
60055314.894629, 55
60055344.83919, 55
60055376.326766, 55
60055407.330243, 55
60055438.456617, 55
60055469.578552, 55
60061212.574501, 55
new stimulus
60087095.921132, 55
60087606.429845, 55
60087637.019686, 55
60087668.018447, 55
60087699.212234, 55
60087730.135814, 55
60087761.25442, 55
60087792.583867, 55
60087823.822319, 55
60087854.924558, 55
60087901.76573, 55
60087933.93382, 55
60087964.48732, 55
60087995.477203, 55
60088026.505092, 55
60088057.588744, 55
60088088.972287, 55
60088120.512574, 55
60088167.01335, 55
60088198.256796, 55
60088229.484152, 55
60088260.498725, 55
60088291.672538, 55
60088323.00892, 55
60088354.374431, 55
60098678.711367, 50
60099181.693367, 50
60099212.009394, 50
60099243.112742, 50
60099274.268801, 50
60099305.348568, 50
60099336.638343, 50
60099368.4788, 50
60099398.875001, 50
60099430.005259, 50
60099476.923554, 50
60099507.979741, 50
60099539.260361, 50
60099570.489936, 50
60099601.62824, 50
60099632.760162, 50
60099664.202797, 50
60099695.481475, 50
60099742.167846, 50
60099773.260097, 50
60099804.462485, 50
60099835.720634, 50
60099866.97379, 50
60099898.314333, 50
60099929.390494, 50
60099965.861941, 50
60099990.196491, 50
60100038.869198, 50
60100069.62244, 50
60100101.64544, 50
60100132.446122, 50
60100162.736626, 50
60100194.50412, 50
60100225.781966, 50
60100256.770462, 50
60103263.913224, 55
60103767.569635, 55
60103798.142554, 55
60103829.329683, 55
60103860.441354, 55
60103891.567729, 55
60103922.804239, 55
60103953.926729, 55
60103985.403486, 55
60104016.83974, 55
60104065.233638, 55
60104095.128817, 55
60104125.469257, 55
60104157.26921, 55
60104189.788793, 55
60104405.205474, 50
60104866.160391, 50
new stimulus
new stimulus
60172069.928991, 55
60172578.937133, 55
60172609.517542, 55
60172640.486341, 55
60172671.789155, 55
60172702.69387, 55
60172734.012219, 55
60172765.199626, 55
60172796.41644, 55
60172827.588311, 55
60172874.214482, 55
60172905.441282, 55
60174723.242731, 55
new stimulus
60201794.696151, 55
60202296.683319, 55
60202327.227109, 55
60202358.266373, 55
60202389.655742, 55
60202420.520508, 55
60202451.721786, 55
60202482.969393, 55
60202514.566829, 55
60202545.648261, 55
60202592.125733, 55
60202623.298714, 55
60202654.477521, 55
60202685.813626, 55
60202716.938613, 55
60202748.338802, 55
60202779.375846, 55
60202810.913636, 55
60202857.516226, 55
60202888.500006, 55
60202919.74789, 55
60202950.951388, 55
60202982.340202, 55
60203013.54897, 55
60203044.518047, 55
60203075.723486, 55
60203106.850415, 55
60203154.068602, 55
60203185.130338, 55
60203216.158227, 55
60203247.305408, 55
60203278.721132, 55
60203309.703803, 55
60203340.94281, 55
60203372.664807, 55
60203403.413889, 55
60203450.061421, 55
60203481.223305, 55
60203512.482286, 55
60203544.228697, 55
60203574.973062, 55
60203605.984584, 55
60203637.78953, 55
60203668.626554, 55
new stimulus
60236624.827027, 50
60237131.478754, 50
60237161.734581, 50
60237193.067911, 50
60237224.094691, 50
60237255.120916, 50
60237286.087218, 50
new stimulus
60276317.410284, 55
60276817.579789, 55
60276847.845048, 55
60276878.991674, 55
60276910.426263, 55
60276941.273829, 55
60276972.672076, 55
60277003.712172, 55
60277034.713429, 55
60277065.924972, 55
60277112.642691, 55
new stimulus
60309421.616044, 55
60309920.187603, 55
60309950.85651, 55
60309982.11022, 55
60310013.670758, 55
60310044.022295, 55
60310075.492672, 55
60310106.391283, 55
60310137.662749, 55
60310168.935046, 55
60310215.63723, 55
60310246.901483, 55
60310278.169619, 55
60310309.261871, 55
60310340.491723, 55
60310371.949893, 55
60310402.722278, 55
60310435.561173, 55
60310481.140078, 55
60310512.263956, 55
60310543.417517, 55
60310574.55055, 55
60310605.705776, 55
60310637.150907, 55
60310668.804936, 55
60310699.387842, 55
60310730.43848, 55
60310777.676087, 55
60310808.847403, 55
60310839.730202, 55
60310870.905957, 55
60310902.174371, 55
60310933.252474, 55
60310964.576649, 55
60310995.676946, 55
60311027.395059, 55
60311073.719396, 55
60311104.981706, 55
60311136.192417, 55
60311167.349862, 55
60311198.415758, 55
60311229.661146, 55
60311261.190613, 55
60311292.597183, 55
60311338.970345, 55
new stimulus
60334326.380142, 55
60339072.229367, 55
60339575.823913, 55
60349997.31706, 55
60350495.599823, 55
60350526.232942, 55
60350558.059805, 55
60350588.708182, 55
60350619.441728, 55
new stimulus
60368714.100317, 55
60369215.494636, 55
60369245.859489, 55
60369277.169793, 55
60369308.261213, 55
60369339.196998, 55
60369371.201133, 55
60369402.152732, 55
60369432.788071, 55
60369464.046775, 55
60369510.949257, 55
60369541.922772, 55
60369573.136257, 55
60369604.536168, 55
60369635.534928, 55
60369666.963414, 55
60369697.890323, 55
60369729.638398, 55
60369776.284543, 55
60369807.246683, 55
60369838.917358, 55
60369869.759098, 55
60369900.712639, 55
60369932.025995, 55
60369963.114085, 55
60369994.361415, 55
60370025.483628, 55
60370072.426891, 55
60370103.789628, 55
60370134.793104, 55
60370166.202171, 55
60370197.11715, 55
60370228.358377, 55
60370259.47088, 55
60370290.746229, 55
60370322.148915, 55
60370369.114371, 55
60370400.404424, 55
60371365.546181, 55
60371867.703407, 55
60371897.775304, 55
60371928.710535, 55
60371960.192286, 55
60371992.195311, 55
60372021.620538, 55
60372051.758184, 55
60372082.56164, 55
60372116.486916, 55
60372162.84593, 55
60372192.997446, 55
60372225.156937, 55
60372256.321595, 55
60372287.484034, 55
60372318.800719, 55
60372349.99839, 55
60372381.501503, 55
60372427.978975, 55
60372459.009917, 55
60372490.220072, 55
60372521.747597, 55
60372552.863152, 55
60372583.983978, 55
60372615.448251, 55
60372646.337985, 55
60372677.592805, 55
60372724.405403, 55
60372756.857573, 55
60372786.92614, 55
60372817.909365, 55
60372849.118688, 55
60372880.957757, 55
60372911.763987, 55
60372942.904787, 55
60372974.120214, 55
60373020.670648, 55
60373052.660912, 55
60373083.196379, 55
60380162.80182, 55
new stimulus
