new stimulus
new stimulus
new stimulus
new stimulus
new stimulus
new stimulus
new stimulus
57879095.109398, 54
57880348.9367, 55
57880853.832351, 55
57886863.612001, 55
new stimulus
57923529.709307, 55
57924034.503421, 55
57924064.942901, 55
57924095.940551, 55
57924127.189823, 55
57924158.132545, 55
new stimulus
new stimulus
new stimulus
58016695.464275, 55
58017196.907142, 55
58017227.433732, 55
58017258.590068, 55
58017290.033257, 55
58017320.903571, 55
58017351.700369, 55
58017382.73242, 55
58017414.492424, 55
58017445.372726, 55
58017492.073523, 55
58017523.265091, 55
58017555.026205, 55
58017586.972913, 55
58017616.874751, 55
58017647.971996, 55
58017679.161344, 55
58017710.817315, 55
58017757.739772, 55
58017788.406459, 55
58017820.32598, 55
58017850.876151, 55
58017882.057177, 55
58018615.181927, 55
58019115.050707, 55
58019145.738478, 55
58019176.749445, 55
58019207.921594, 55
58019239.253814, 55
58019270.390453, 55
58019636.715633, 55
new stimulus
58063854.653795, 55
58064355.303515, 55
58064385.575709, 55
58064417.131254, 55
58064449.331248, 55
58064479.807902, 55
58064510.126148, 55
58064541.141277, 55
58064572.425226, 55
58064603.80655, 55
58064650.6308, 55
58064681.890336, 55
58064712.826677, 55
58064743.958045, 55
58064775.272788, 55
58064806.446601, 55
58064838.757841, 55
58064870.292024, 55
58064915.947776, 55
58064947.189557, 55
58064978.056265, 55
58065009.234517, 55
58065040.440788, 55
58065071.66426, 55
58065102.915751, 55
58065133.89426, 55
58065165.22981, 55
58065211.898426, 55
58065243.182098, 55
58065274.405569, 55
58065306.424685, 55
58065337.042269, 55
58065368.324553, 55
58065399.422353, 55
new stimulus
58098403.279062, 55
58098908.693768, 55
58098939.194557, 55
58098970.428293, 55
58099001.469777, 55
58099032.467427, 55
58099063.773293, 55
58099094.866654, 55
58099126.040745, 55
58099157.472837, 55
58099204.707392, 55
58099233.986419, 55
58099266.816991, 55
58099297.820746, 55
58099328.784273, 55
58099360.004416, 55
58099391.598245, 55
58099425.327384, 55
58099469.660392, 55
58099501.291672, 55
58099531.962521, 55
58099562.710215, 55
58099594.008868, 55
58099625.132468, 55
58099656.563451, 55
58099687.677896, 55
58099718.86558, 55
58099765.715075, 55
58099796.726874, 55
58099828.009436, 55
58099859.153843, 55
58099890.763207, 55
58099921.646283, 55
58099952.777928, 55
58099984.169517, 55
58100015.893179, 55
58100062.111263, 55
58100094.169218, 55
58100124.638104, 55
58100157.357707, 55
58100188.97484, 55
58100218.024717, 55
58100249.139439, 55
58100280.424221, 55
58100327.211573, 55
58100358.368464, 55
58100389.917073, 55
58100422.262158, 55
58100452.423662, 55
58100483.34308, 55
58100514.39455, 55
58100545.617744, 55
58100576.729415, 55
58100623.546729, 55
58100654.693632, 55
58100685.863562, 55
58100717.682379, 55
58100748.396228, 55
58100781.180471, 55
58100811.847713, 55
58100843.408529, 55
58100873.434096, 55
58100920.025311, 55
58100951.219376, 55
58100982.608746, 55
58101013.584203, 55
58101044.708358, 55
58101076.170412, 55
58101107.176385, 55
58101138.298875, 55
58101185.109531, 55
58101216.438977, 55
58101247.450222, 55
58101278.80741, 55
58101309.934062, 55
58101341.210244, 55
58101372.427335, 55
58101403.871356, 55
58101436.283855, 55
58101481.758727, 55
58101512.845708, 55
58101543.901895, 55
58101575.110108, 55
58101606.284476, 55
58101637.569258, 55
58101668.730032, 55
58101700.078066, 55
58101731.094859, 55
58101778.135496, 55
58101809.190851, 55
58101840.396013, 55
58101871.701601, 55
58101902.820485, 55
58101933.885826, 55
58101965.342609, 55
58101996.510319, 55
58102043.174219, 55
58102074.412671, 55
58102105.556523, 55
58102136.696768, 55
58102167.990982, 55
58102199.477449, 55
new stimulus
new stimulus
58161859.139417, 55
58162369.005622, 55
58162399.897021, 55
58162430.579521, 55
58162461.647082, 55
58162492.638907, 55
58162523.800514, 55
58162555.06116, 55
58162586.159792, 55
58162617.530019, 55
58162664.447482, 55
58162696.811709, 55
58162726.704392, 55
58162757.740049, 55
58162789.139406, 55
58162820.177283, 55
58162851.350819, 55
58162883.382973, 55
58162929.618534, 55
58162960.689147, 55
58162991.897083, 55
58163023.085877, 55
58163054.255806, 55
58163085.361929, 55
58163116.856441, 55
58163147.755884, 55
58163179.160512, 55
58163225.721489, 55
58163257.09449, 55
58163288.678332, 55
58163319.847429, 55
58163350.745208, 55
58163381.886563, 55
58163413.684851, 55
58163444.979343, 55
58163475.371383, 55
58163522.348769, 55
58163553.479582, 55
58163584.721641, 55
58163615.914596, 55
58163647.143616, 55
new stimulus
new stimulus
58236524.541783, 55
58237029.998379, 55
58237060.56464, 55
58237091.54093, 55
58237122.94528, 55
58237153.67411, 55
58237184.816297, 55
58237216.293886, 55
58237247.196104, 55
58237278.727791, 55
58237325.941817, 55
58237356.650117, 55
58237387.978731, 55
58237418.850433, 55
58237449.999556, 55
58237481.136472, 55
58237512.422641, 55
58237543.904669, 55
58237590.432077, 55
58237621.799808, 55
58237652.874027, 55
58237684.550527, 55
58237715.23497, 55
58237747.276001, 55
58237777.654171, 55
58237808.945888, 55
58237840.168527, 55
58237886.852679, 55
58237918.273952, 55
58237949.251073, 55
58237980.39437, 55
58238011.69552, 55
58238042.875159, 55
58238074.075882, 55
58238105.212798, 55
58238136.488425, 55
58238183.331816, 55
58238214.38828, 55
new stimulus
58263492.374802, 55
58264002.30315, 55
58264032.694913, 55
58264064.579479, 55
58264094.833364, 55
58264125.781079, 55
58264157.05837, 55
58264188.342319, 55
58264219.436513, 55
58264250.583971, 55
58264297.41044, 55
58264328.768183, 55
58273111.084694, 55
