new stimulus
new stimulus
59182787.355588, 55
59183282.919347, 55
59183310.278064, 55
59183342.030023, 55
59183372.828763, 55
59183408.178042, 55
59183433.920781, 55
59183464.933968, 55
59183496.210704, 55
59183527.222226, 55
59183577.836603, 55
59183604.612459, 55
59183638.833466, 55
59183667.387591, 55
59183700.3971, 55
59183728.688785, 55
59183761.340421, 55
59183793.722958, 55
59183839.405064, 55
59183870.448212, 55
59183901.681394, 55
59183932.638541, 55
59183963.759089, 55
59183994.446306, 55
59184026.413821, 55
59193580.558382, 55
new stimulus
59221045.491518, 55
59221546.48635, 55
59221575.550375, 55
59221606.640685, 55
59221638.42205, 55
59221669.41332, 55
59221700.235364, 55
59221731.155059, 55
59221763.462138, 55
59221797.378259, 55
59221840.645137, 55
59221871.512677, 55
59221903.12648, 55
59221934.153815, 55
59221966.177092, 55
59221996.427925, 55
59222027.416698, 55
59222059.997869, 55
59222106.008997, 55
59222137.114287, 55
59222169.260739, 55
59222199.071859, 55
59222230.356086, 55
59222509.712514, 55
new stimulus
59248865.55811, 55
59249376.240211, 55
59249406.595909, 55
59249435.13117, 55
59249468.050517, 55
59249500.817282, 55
59249530.325459, 55
59249561.322832, 55
59249592.41009, 55
59249623.794743, 55
59249671.513398, 55
59249701.710134, 55
59249732.790179, 55
59249763.955947, 55
59249795.171651, 55
59249826.708609, 55
59249859.455954, 55
59249890.1895, 55
59249935.700993, 55
59249966.8798, 55
59249998.611507, 55
59250029.400814, 55
59250060.589053, 55
59250091.644685, 55
59250122.841524, 55
59250154.362114, 55
59250185.336184, 55
59250232.090246, 55
59250263.711817, 55
59250295.013798, 55
59250326.157095, 55
59250356.870667, 55
59250388.627897, 55
59250419.350901, 55
59250450.424842, 55
59250481.75734, 55
59250528.534705, 55
59250559.848061, 55
59250590.691744, 55
59250622.128275, 55
59250653.237171, 55
59250684.546089, 55
59250715.585353, 55
59250747.005793, 55
59250794.161561, 55
59250826.066933, 55
59250856.051442, 55
59250887.47216, 55
59250918.32361, 55
59250949.594521, 55
59250980.872367, 55
new stimulus
new stimulus
59313269.290201, 55
59313773.176316, 55
59313802.133257, 55
59313833.447723, 55
59313864.276702, 55
59313895.15201, 55
59313926.236493, 55
59313957.537643, 55
59313989.11982, 55
59314020.198478, 55
59314066.759732, 55
59314100.303831, 55
59314129.639174, 55
59314160.33943, 55
59314192.230377, 55
59314222.656817, 55
59314253.752953, 55
59314285.433892, 55
59314331.818706, 55
59314363.018319, 55
59314394.384663, 55
59314425.425591, 55
59314456.565559, 55
59314487.837579, 55
59314519.068819, 55
59314550.552511, 55
59314581.402297, 55
59314628.407425, 55
59314659.27552, 55
59314690.908465, 55
59314722.152466, 55
59314755.468525, 55
59314786.455356, 55
59314815.356536, 55
59314846.831628, 55
59314877.813466, 55
59314924.571689, 55
59314955.75327, 55
59314987.159562, 55
59315018.181626, 55
59315458.020356, 55
59315970.313441, 55
59316001.200123, 55
59316032.241052, 55
59316063.362432, 55
59316094.659698, 55
59316125.774143, 55
59316156.913001, 55
59316188.262422, 55
59316220.058491, 55
59316266.323459, 55
59316298.774519, 55
59316328.700215, 55
59316359.726995, 55
59316391.287811, 55
59316422.357868, 55
59316453.394358, 55
59316484.745166, 55
59320559.160889, 55
59321071.664537, 55
59321102.238011, 55
59321133.351624, 55
59321166.086764, 55
59321196.90742, 55
59321228.405816, 55
59321258.473273, 55
59321289.959463, 55
59321321.999662, 55
59321367.419051, 55
59321398.716594, 55
59321429.687335, 55
59321461.040639, 55
59321492.018871, 55
59321523.379943, 55
59321554.608686, 55
59321585.751705, 55
59321632.642813, 55
59321663.747826, 55
59321695.283119, 55
59321724.35519, 55
59321757.310046, 55
59322843.125837, 55
59323349.283754, 55
59323380.180978, 55
59323411.453831, 55
59323442.835432, 55
new stimulus
59357586.512672, 55
59358090.436239, 55
59358121.074352, 55
59358152.242894, 55
59358184.220119, 55
59358214.29257, 55
59358245.345428, 55
59358276.477905, 55
59358307.834539, 55
59358338.952868, 55
59358386.204623, 55
59358417.14568, 55
59358446.472978, 55
59358477.809638, 55
59358509.290001, 55
59358540.141174, 55
59358570.64557, 55
59358601.710911, 55
59358651.139035, 55
59358682.315068, 55
59358713.525778, 55
59358746.300034, 55
59358775.26391, 55
59358808.231251, 55
59358838.41051, 55
59358869.470858, 55
59358900.652716, 55
59358947.356564, 55
59358978.766186, 55
59359009.752185, 55
59359040.903249, 55
59359072.232418, 55
59359103.374606, 55
59359134.71931, 55
59359165.667858, 55
59359197.068324, 55
59359243.792702, 55
59359275.120484, 55
59359306.17556, 55
59359337.442587, 55
59359368.674659, 55
59359399.893414, 55
59359431.093305, 55
59359462.333145, 55
59359509.105794, 55
59359540.346188, 55
59359571.427065, 55
59359604.116707, 55
59359633.855144, 55
59359665.022021, 55
59359696.881065, 55
59359728.049329, 55
59359758.552893, 55
59359805.801042, 55
59359836.887468, 55
59359867.878183, 55
59359898.946576, 55
59359930.149518, 55
59359961.422371, 55
59359992.860844, 55
59360023.970295, 55
59360055.116367, 55
59360101.999984, 55
59360133.494219, 55
59360164.337068, 55
59360195.379939, 55
59360226.546539, 55
59360257.920096, 55
59360288.933282, 55
59360320.28298, 55
59360366.916919, 55
59360398.409211, 55
59360429.377733, 55
59360460.476087, 55
59360491.94258, 55
59360737.875586, 55
59361241.454874, 55
59361272.083832, 55
59361302.91503, 55
59361334.102437, 55
59361365.364747, 55
59361396.76771, 55
59361427.659664, 55
59361458.938897, 55
59361490.190388, 55
59361536.932521, 55
59361568.565188, 55
59361649.755536, 55
new stimulus
59386464.226544, 55
59386965.801741, 55
59386996.675662, 55
59387027.922714, 55
59387058.553614, 55
59387089.644201, 55
59387120.809415, 55
59387151.92275, 55
59387183.473024, 55
59387214.911497, 55
59387261.138181, 55
59387292.416859, 55
59387323.496349, 55
59387354.90597, 55
59387386.342224, 55
59387417.834794, 55
59387448.511191, 55
59387479.948, 55
59387526.486783, 55
59387557.520776, 55
59387588.928455, 55
59387625.23983, 55
59387648.964886, 55
59387682.652689, 55
59387713.612611, 55
59387744.699869, 55
59387775.933882, 55
59387822.725396, 55
59387853.905035, 55
59387885.264998, 55
59387916.199119, 55
59387947.447281, 55
59387978.686011, 55
59388009.866205, 55
59388041.06998, 55
59388072.234083, 55
59388119.124913, 55
59388150.275146, 55
59388181.430927, 55
59388213.752709, 55
59388246.368279, 55
59388275.981321, 55
59388306.16696, 55
new stimulus
new stimulus
59460599.647175, 55
59461096.319786, 55
59461561.570847, 55
59462063.623763, 55
59462094.160895, 55
59462125.197385, 55
59462156.223332, 55
59462187.468998, 55
59462218.98931, 55
59462250.291569, 55
59462281.081986, 55
59462312.113205, 55
59462359.011248, 55
59462390.573174, 55
59462421.47123, 55
59462452.549056, 55
59462483.824405, 55
59462515.055645, 55
59462546.322394, 55
59462577.380523, 55
59462625.468425, 55
59462655.468192, 55
59462686.661425, 55
59462717.75867, 55
59462749.156084, 55
59462780.291891, 55
59462811.40273, 55
59462842.499975, 55
59462873.975345, 55
59462920.676419, 55
59462951.823045, 55
59462983.12253, 55
59463014.303279, 55
59463045.386652, 55
59463076.769641, 55
59463107.916267, 55
59463139.077596, 55
59463170.308004, 55
59463217.195227, 55
59463248.840379, 55
59463279.490699, 55
59463310.563253, 55
59463341.880216, 55
59463372.948331, 55
59463404.289984, 55
59463435.299842, 55
59463946.542611, 55
59464450.447036, 55
59464480.751411, 55
59464511.76543, 55
59464542.903456, 55
59464574.56775, 55
59464605.541265, 55
59464636.581638, 55
59464668.022331, 55
59464699.170621, 55
59464745.907205, 55
59464777.201697, 55
59464808.104192, 55
59464839.451948, 55
59464870.583594, 55
59464901.846182, 55
59464932.841891, 55
59464964.33779, 55
59465011.06078, 55
59465042.133612, 55
59465079.33218, 55
59465105.428077, 55
59465136.324192, 55
59465167.593715, 55
59465198.378029, 55
59465229.40259, 55
59465261.101006, 55
59465307.98074, 55
59465339.414497, 55
59465370.541703, 55
59465401.775717, 55
59465432.493727, 55
59465464.827993, 55
59465494.956483, 55
59465527.076025, 55
59465557.85701, 55
59465605.32987, 55
59465633.230114, 55
59465663.915943, 55
59465695.435701, 55
59465931.415114, 55
59474710.907477, 55
new stimulus
59498240.090794, 55
59498739.03049, 55
59498769.464699, 55
59498800.558337, 55
59498831.801506, 55
59498863.559291, 55
59498894.047874, 55
59498925.099621, 55
59498956.27399, 55
59498987.601494, 55
59499034.414092, 55
59499065.581524, 55
59499096.77115, 55
59499127.883376, 55
59499159.066899, 55
59499190.387468, 55
59499221.580701, 55
59499254.256749, 55
59499299.760752, 55
59499330.684331, 55
59499361.860363, 55
59499393.20701, 55
59499424.362791, 55
59499455.463088, 55
59499486.840528, 55
59499517.989373, 55
59499794.12078, 55
59500298.574221, 55
59500329.195412, 55
59500360.285721, 55
59500391.652619, 55
59500422.650548, 55
59500453.789128, 55
59500485.467848, 55
59500516.39004, 55
59500547.602138, 55
59500594.337057, 55
59504814.482659, 55
59505407.944176, 55
59505914.597844, 55
59506188.507385, 55
new stimulus
59543447.392074, 55
59543947.885052, 55
59543978.211898, 55
59544009.360189, 55
59544040.086244, 55
59544071.507517, 55
59544102.602265, 55
59544133.455657, 55
59544164.89302, 55
59544195.954478, 55
59544242.696611, 55
59544273.839075, 55
59544305.236213, 55
59544336.582582, 55
59544368.238553, 55
59544399.16241, 55
59544430.42694, 55
59544461.552481, 55
59544508.268814, 55
59544539.228458, 55
59544570.353723, 55
59544601.501181, 55
59544633.225952, 55
59544664.638903, 55
59544695.208215, 55
59544726.361777, 55
59544757.421847, 55
59544804.24138, 55
59544835.512014, 55
59544866.535742, 55
59544897.895427, 55
59544929.033176, 55
59544960.307415, 55
59544991.619662, 55
59545022.752972, 55
59545054.200877, 55
59545100.661704, 55
new stimulus
59564438.48963, 55
59564944.611482, 55
59564975.305634, 55
59565006.517454, 55
59565037.653538, 55
59565068.817642, 55
59565099.839983, 55
59565130.968022, 55
59565163.145545, 55
59565193.449365, 55
59565240.311344, 55
59565271.311491, 55
59565302.490021, 55
59565333.76537, 55
59565364.984125, 55
59565396.195391, 55
59565427.257403, 55
59565459.113672, 55
59565505.356447, 55
59565536.326356, 55
59565567.698247, 55
59565599.130895, 55
59565630.1119, 55
59565662.020879, 55
59565692.611553, 55
59565723.810334, 55
59565754.926444, 55
59565801.739042, 55
59565832.915352, 55
59565864.144372, 55
59565895.420831, 55
59565926.518908, 55
59565957.603946, 55
59565989.122039, 55
59566020.201252, 55
59566051.512389, 55
59566098.967771, 55
59566129.5418, 55
59566160.508379, 55
59566191.757928, 55
59566223.017187, 55
59566254.114987, 55
59566285.327639, 55
59566316.604098, 55
59566363.362044, 55
59566394.678729, 55
59566425.649748, 55
59566458.18015, 55
59566488.244834, 55
59566519.337085, 55
59566550.608828, 55
59566581.71606, 55
59566612.997513, 55
59566661.357843, 55
59566691.603405, 55
59566722.012645, 55
59566753.320176, 55
59566784.466802, 55
59566815.769338, 55
59567327.973094, 55
new stimulus
59606043.054096, 55
59606549.681686, 55
59606580.15834, 55
59606611.232559, 55
59606642.463799, 55
59606673.505837, 55
59606704.517636, 55
59606735.937799, 55
59606766.976786, 55
59606798.268226, 55
59606845.131591, 55
59606876.26074, 55
59606907.601006, 55
59606938.65747, 55
59606969.8876, 55
59607001.153794, 55
59607032.238832, 55
59607064.058482, 55
59607110.274069, 55
59607141.644852, 55
59607599.098714, 55
59612298.309562, 55
new stimulus
new stimulus
59668062.114592, 55
59668559.150902, 55
59668589.603975, 55
59668620.629091, 55
59668652.144964, 55
59668682.980879, 55
59668714.874877, 55
59668745.320182, 55
59668776.576667, 55
59668807.734945, 55
59668854.621891, 55
59668885.936912, 55
59668917.038595, 55
59668948.16386, 55
59668979.396209, 55
59669010.623287, 55
59669041.744668, 55
59669074.767493, 55
59669120.40438, 55
59669151.018357, 55
59669182.226848, 55
59669213.375416, 55
59669244.828037, 55
59669276.662668, 55
59669306.849694, 55
59669338.156114, 55
59669369.404276, 55
59669416.419946, 55
59669447.402062, 55
59677919.998956, 55
new stimulus
59714831.080211, 50
59715343.209063, 50
59715373.583903, 50
59715404.967169, 50
59715436.086608, 50
59715467.010188, 50
59715498.25613, 50
59715529.390272, 50
59715560.61097, 50
59715591.720421, 50
59715638.665349, 50
59715669.705722, 50
59715701.040717, 50
59715732.742463, 50
59715763.461305, 50
59715794.614312, 50
59715825.73597, 50
59715857.423012, 50
59715903.973724, 50
59715935.442436, 50
