new stimulus
new stimulus
7700610.813514, 55
7701117.027347, 55
7701150.271915, 55
7701178.181105, 55
7701209.001006, 55
7701240.540817, 55
7701271.052502, 55
7701303.622934, 55
7701334.39928, 55
7701366.790221, 55
7701413.555496, 55
7701442.621259, 55
new stimulus
new stimulus
7765944.863243, 50
7766448.756442, 50
7766480.504319, 50
7766510.698356, 50
7766541.101569, 50
7766572.172537, 50
7766603.452958, 50
7766634.944497, 50
7766666.796685, 50
7777176.406993, 55
new stimulus
7798568.195418, 55
7799067.643487, 55
7799098.044758, 55
7799129.296327, 55
7799160.632233, 55
7799191.45463, 55
7799222.611044, 55
7799253.653992, 55
7799285.161066, 55
7799316.110801, 55
7799362.880237, 55
7799394.214201, 55
7799425.699637, 55
new stimulus
7842182.155451, 50
7842684.760025, 50
7842715.635411, 50
7842746.767966, 50
7842777.706603, 50
7842808.789777, 50
7842840.503254, 50
new stimulus
7874949.181869, 55
7875460.174293, 55
7875490.963122, 55
7875522.081251, 55
7875553.070379, 55
7875584.211812, 55
7875615.320787, 55
7875646.559872, 55
7875677.996759, 55
7875708.906822, 55
7875755.641858, 55
new stimulus
7918120.954808, 55
7918625.334605, 55
7918655.89151, 55
7918687.264035, 55
7918718.319189, 55
7918749.152961, 55
7918780.470002, 55
new stimulus
new stimulus
7978515.10326, 55
7979012.657371, 55
7979043.057809, 55
7979074.437825, 55
7979105.662207, 55
7979136.376132, 55
7979167.529772, 55
7979198.772186, 55
7979229.972155, 55
7979261.156033, 55
7979308.232576, 55
7979337.86955, 55
7979371.503617, 55
7979402.243898, 55
7979432.755583, 55
new stimulus
new stimulus
8059074.750202, 55
8059586.106326, 55
8059616.8602, 55
8059648.18057, 55
8059678.968567, 55
8059710.125536, 55
8059741.325782, 55
8059772.336271, 55
8059803.558711, 55
8059835.237787, 55
8059883.160189, 55
8059913.030753, 55
8059944.076752, 55
8059975.289482, 55
8060006.32383, 55
8060037.497166, 55
8060069.501381, 55
8060102.783678, 55
new stimulus
8085407.353453, 55
8085918.566428, 55
8085949.342773, 55
8085980.578529, 55
8086011.556561, 55
8086044.484313, 55
8086074.173997, 55
8086105.299616, 55
new stimulus
8123332.493947, 55
8123842.050435, 55
8123873.470122, 55
8123904.199861, 55
8123937.127058, 55
8123966.082407, 55
8123997.2194, 55
8124028.370543, 55
8124059.646525, 55
8124090.796558, 55
8124137.475555, 55
8124168.810351, 55
8124200.127392, 55
8124231.228321, 55
8124262.326753, 55
new stimulus
8154720.874522, 55
8155229.207303, 55
8155260.399504, 55
8155291.006899, 55
8155322.12808, 55
8155353.043969, 55
8155384.264189, 55
8155415.388422, 55
8162687.313971, 55
8163200.731894, 55
8163231.424181, 55
8163262.421631, 55
8163293.475399, 55
8163324.62016, 55
8163355.743838, 55
new stimulus
8192129.696924, 50
8192637.626889, 50
8192669.694356, 50
8192701.365109, 50
8192731.987486, 50
8192761.65775, 50
8192792.813054, 50
8192823.952267, 50
8192855.062906, 50
8192889.917075, 50
8192931.182463, 50
8192964.875899, 50
8192995.656961, 50
8193026.86331, 50
8193057.914026, 50
8193089.173085, 50
8193121.311572, 50
8193151.916749, 50
8193199.694059, 50
8193229.564899, 50
8193260.92827, 50
8193292.315498, 50
8193324.918666, 50
8193361.932564, 50
8193385.812481, 50
8193416.716163, 50
8196932.829516, 50
8197441.855852, 50
8197473.058872, 50
8197503.945909, 50
8197535.246582, 50
new stimulus
8225985.187893, 55
8226489.416218, 55
8231016.535728, 55
