new stimulus
new stimulus
6347092.968216, 55
6351588.913003, 55
6352090.913075, 55
6352122.248426, 55
new stimulus
6386710.150504, 55
6387221.873657, 55
6387252.929921, 55
6387283.522613, 55
6387315.97098, 55
6387345.702832, 55
6387378.608945, 55
new stimulus
6407349.695765, 55
6407861.067702, 55
6407891.33803, 55
6407922.191776, 55
6407953.384809, 55
6407984.481855, 55
6408016.56458, 55
new stimulus
6453710.544443, 55
6454208.163192, 55
6454238.467366, 55
6454269.539166, 55
6454300.531623, 55
6454331.9588, 55
6454362.771765, 55
6454393.985328, 55
6454426.10606, 55
new stimulus
new stimulus
6509628.958844, 55
6510133.447668, 55
6510163.976275, 55
6510194.988152, 55
new stimulus
6549832.583415, 55
6550334.351286, 55
6550365.175626, 55
6550397.203144, 55
6550427.250147, 55
6550458.1505, 55
new stimulus
new stimulus
6623711.932384, 55
6624215.608085, 55
6624246.24461, 55
6624277.113614, 55
6624308.722502, 55
6624341.987877, 55
6624371.599883, 55
6624401.775055, 55
6624433.018857, 55
new stimulus
6663947.061811, 55
6664447.767711, 55
6664478.606199, 55
6664509.568695, 55
6664540.713734, 55
6664572.04631, 55
6664602.775771, 55
6664633.91443, 55
6664665.291116, 55
6664696.346271, 55
6664743.110159, 55
6664774.340644, 55
6664805.870467, 55
6664837.018558, 55
new stimulus
6702905.593906, 50
6703416.327217, 50
6703447.205654, 50
6703478.498559, 50
6703510.483354, 50
6703540.389428, 50
6703571.406298, 50
6703602.738319, 50
6703634.596888, 50
6703665.015914, 50
6703711.787847, 50
6703743.582886, 50
6703774.197772, 50
new stimulus
6737986.434904, 55
new stimulus
6763099.968401, 55
6763600.48177, 55
6763631.385452, 55
6763662.454201, 55
6763693.915223, 55
6763725.428679, 55
6763756.306006, 55
6763787.136449, 55
6763818.801376, 55
6763849.817414, 55
6763896.766898, 55
6763929.530138, 55
new stimulus
6807223.174488, 55
6807733.380975, 55
new stimulus
new stimulus
6877884.452143, 55
6878384.824304, 55
6878415.703018, 55
6878447.027827, 55
6878478.038316, 55
6878510.329385, 55
6878541.970177, 55
6878571.234574, 55
6878602.584628, 55
6878633.528814, 55
