new stimulus
new stimulus
new stimulus
8428893.496927, 55
8429401.454633, 55
8429433.400589, 55
8429463.379902, 55
8429497.34216, 55
8429526.188482, 55
8429558.508125, 55
8429587.701224, 55
8429618.848483, 55
8429652.941961, 55
8429697.504784, 55
8429728.249504, 55
8429759.084385, 55
8429790.472724, 55
8434253.607107, 50
8434767.013934, 50
8434797.751163, 50
8434829.039352, 50
8434860.153597, 50
8434891.652626, 50
8437534.835443, 50
8438044.366963, 50
8438074.450586, 50
8438105.099318, 50
8438136.22466, 50
8438167.120575, 50
8438198.487274, 50
8438229.787669, 50
8438261.4759, 50
8438292.239484, 50
8438338.854397, 50
8438370.105134, 50
8438401.60888, 50
8438432.515613, 50
8438464.383059, 50
8438495.115849, 50
8438526.0617, 50
8438557.588471, 50
8438604.231126, 50
8438635.249939, 50
8444824.741533, 50
8445327.219048, 50
8445359.448529, 50
8445388.967322, 50
8445421.348553, 50
8445452.263054, 50
8445483.901349, 50
new stimulus
8480953.983486, 50
8481457.87613, 50
8481489.178467, 50
new stimulus
8520506.77256, 55
8521019.248358, 55
8521049.888767, 55
8521081.245757, 55
8521112.301189, 55
8521143.204316, 55
8521174.376542, 55
8521205.525188, 55
8521236.988153, 55
8521268.244716, 55
new stimulus
8536696.514111, 55
8537196.659064, 55
8537227.4945, 55
8537258.521913, 55
8537289.467208, 55
8537320.395026, 55
8537351.500394, 55
8537382.762782, 55
8537414.009358, 55
8537445.479536, 55
new stimulus
new stimulus
8619173.085144, 55
8619673.50197, 55
8619703.744834, 55
8619734.781956, 55
8619766.083461, 55
8619797.078137, 55
8619828.325823, 55
8622463.33385, 55
new stimulus
new stimulus
new stimulus
8734719.388096, 55
8735221.668919, 55
8735252.424181, 55
new stimulus
8759557.358766, 55
8760057.026831, 55
8760087.986275, 55
8760118.897725, 55
8760150.119055, 55
8760180.979737, 55
8760211.894793, 55
8760243.100588, 55
8760274.293066, 55
new stimulus
8791192.764616, 55
8791693.538484, 55
8791723.921168, 55
8791755.269835, 55
new stimulus
8826266.014244, 55
8826762.001476, 55
8826792.67573, 55
new stimulus
8865666.592225, 55
8866167.228214, 55
8869943.126305, 55
new stimulus
8886672.080183, 55
8887289.912193, 55
new stimulus
8934066.033608, 50
