new stimulus
new stimulus
7027810.784718, 50
7028307.736545, 50
7028335.314217, 50
7028367.295683, 50
7028397.48334, 50
7028432.464568, 50
7028459.268788, 50
7028490.539499, 50
7028521.667061, 50
7028552.453948, 50
7030084.305165, 55
7030582.164162, 55
7030613.9936, 55
7030646.289385, 55
7030672.511019, 55
7030814.551551, 55
new stimulus
7060905.784494, 55
7061407.175904, 55
7061437.293095, 55
7061468.44507, 55
7061499.707458, 55
7061530.933227, 55
7061561.823038, 55
7061592.839909, 55
7061625.049693, 55
7061658.071768, 55
7061702.408215, 55
7061734.17995, 55
7061764.47913, 55
7061795.56813, 55
7061826.892939, 55
7061858.591435, 55
7061889.586666, 55
7061920.650421, 55
7061967.265888, 55
7061998.9175, 55
7062029.709381, 55
7062060.833613, 55
new stimulus
7089705.683457, 55
7090205.025274, 55
7090234.697203, 55
7090266.643159, 55
7090297.377614, 55
7090331.295485, 55
7090359.300663, 55
7090390.408251, 55
7090421.448702, 55
new stimulus
7133850.084849, 50
7134352.684708, 50
7134382.795241, 50
7134413.521096, 50
7134444.77322, 50
7134475.721844, 50
7134506.966755, 50
new stimulus
new stimulus
7193232.258388, 55
7193740.469935, 55
7193771.718453, 55
7193804.008135, 55
7193834.329508, 55
7193864.591514, 55
7193896.011756, 55
7193926.975638, 55
7193958.300724, 55
7193989.446318, 55
7194036.236562, 55
7194067.487298, 55
7194098.582957, 55
new stimulus
7230412.228032, 55
7230915.286747, 55
7230945.764032, 55
7230977.009775, 55
7231007.986974, 55
new stimulus
new stimulus
new stimulus
new stimulus
7378973.333936, 55
7379473.304113, 55
7379502.836776, 55
7379533.987641, 55
7379566.052611, 55
7379597.057553, 55
7379628.415374, 55
7379659.699679, 55
7379691.438679, 55
7379722.029429, 55
7379768.772233, 55
7379800.038506, 55
7379831.205739, 55
7379862.649838, 55
7379893.790994, 55
7379924.904407, 55
new stimulus
7399607.748003, 55
7400113.939087, 55
7400142.725763, 55
7400174.156824, 55
new stimulus
new stimulus
new stimulus
7518772.301871, 50
7519279.899207, 50
7519310.458608, 50
7519341.341484, 50
7519372.635221, 50
7519403.675395, 50
7519434.711685, 50
7519465.938286, 50
new stimulus
7550025.304754, 55
7550526.525549, 55
7550557.022531, 55
7550588.134834, 55
7550619.054607, 55
7550650.195207, 55
7550681.385466, 55
