new stimulus
new stimulus
175484580.941009, 55
175485087.975733, 55
175485120.421603, 55
175485150.141249, 55
175485180.357202, 55
175485211.556061, 55
175485242.733559, 55
175485275.125332, 55
175485306.444592, 55
175485338.546181, 55
175485384.119653, 55
175485414.224637, 55
175488212.771169, 55
175488721.879621, 55
175488750.712627, 55
175488784.426037, 55
175488816.456607, 55
175488845.770385, 55
175488877.05247, 55
175488908.211935, 55
175488939.432433, 55
175488970.962257, 55
175489017.75361, 55
175489048.515529, 55
175489079.732143, 55
175489111.299973, 55
175489142.179242, 55
175489173.299036, 55
175489204.565863, 55
175489235.752516, 55
175489282.637637, 55
175489315.039952, 55
175489345.290584, 55
175489375.956515, 55
175489407.264679, 55
175489438.846935, 55
175489469.691248, 55
175489500.981657, 55
175489532.028489, 55
175489578.896132, 55
175489610.219276, 55
175489641.226437, 55
175489672.484387, 55
175489703.610284, 55
175489735.304896, 55
new stimulus
175524013.59145, 55
175524523.99241, 55
175524554.506037, 55
175524585.413604, 55
175524616.520359, 55
175524648.323442, 55
175524678.79934, 55
175524710.26175, 55
175524741.179026, 55
175524772.263032, 55
175524819.332917, 55
175524850.338413, 55
175524881.37276, 55
175524912.625439, 55
175524943.799608, 55
175524975.063383, 55
175525006.19261, 55
175525037.787627, 55
175525084.493811, 55
175525115.492649, 55
175525147.03024, 55
175525179.458078, 55
175525210.097932, 55
175525240.210685, 55
175525271.678366, 55
175525302.6539, 55
175525334.404274, 55
175525380.728726, 55
175525411.755861, 55
175525442.908945, 55
175525474.205734, 55
175525505.414857, 55
175525536.687233, 55
175525568.564666, 55
175525599.111861, 55
175525630.242197, 55
175525677.184468, 55
175525708.454624, 55
175525739.595224, 55
175525770.605437, 55
175525802.06202, 55
175525833.139924, 55
new stimulus
175553736.920601, 55
175554241.442993, 55
175554271.936923, 55
175554303.460365, 55
175554334.863684, 55
175554365.327653, 55
175554396.983425, 55
175554427.656293, 55
175554459.221903, 55
175554490.231561, 55
175554536.880041, 55
175554567.954893, 55
175554599.225882, 55
175554630.537096, 55
175554661.517902, 55
175554692.832168, 55
175554723.985808, 55
175554755.476237, 55
175554802.00931, 55
175554833.199847, 55
175554864.374293, 55
175554896.609322, 55
175554926.994503, 55
175554958.444429, 55
175554989.524274, 55
175555021.12484, 55
175555051.68008, 55
175555098.733597, 55
175555130.449015, 55
175555161.451459, 55
175555191.983396, 55
175555225.801395, 55
175555254.594452, 55
175555285.746149, 55
175555317.113403, 55
175555348.002659, 55
175555394.707179, 55
175555426.07915, 55
175555455.886461, 55
175555488.508771, 55
175555519.633004, 55
175555550.819656, 55
175555581.908934, 55
175555613.090592, 55
175555660.17629, 55
175555691.40844, 55
175555722.527401, 55
175555755.412707, 55
175555786.729471, 55
175555818.008227, 55
175555847.244049, 55
175555878.337766, 55
175555909.384875, 55
175555956.133505, 55
new stimulus
175591482.218509, 55
175591992.709909, 55
175592023.819993, 55
175592054.835476, 55
175592085.862888, 55
175592115.744826, 55
175592148.098314, 55
175592179.410362, 55
175592210.648892, 55
175592241.692395, 55
175592288.627175, 55
175592320.134804, 55
175592351.079822, 55
175592382.144964, 55
175592413.325236, 55
175592444.889459, 55
175592475.778993, 55
175592507.161228, 55
175592553.939265, 55
175592584.93838, 55
175592616.083142, 55
175592647.228181, 55
175592679.157492, 55
175592709.704132, 55
175592740.974011, 55
175592772.134863, 55
175592804.721941, 55
175592851.130452, 55
175592882.652507, 55
175592912.544987, 55
175592943.869795, 55
175592974.938266, 55
175593006.118261, 55
175593037.306023, 55
175593068.579508, 55
175593099.730651, 55
175593146.441551, 55
175593177.816018, 55
175593209.09311, 55
175593240.083071, 55
175593271.379582, 55
175593302.492163, 55
175593334.009502, 55
175593364.829958, 55
175593411.711473, 55
175593442.964429, 55
175593474.179379, 55
175593505.801584, 55
175593536.586252, 55
175593567.888312, 55
175593598.849698, 55
175593630.026918, 55
175593661.327868, 55
175593707.904219, 55
175593739.297273, 55
175593770.499461, 55
175593801.66614, 55
175593832.842805, 55
175593864.099368, 55
175593895.281581, 55
175593926.452976, 55
175593957.699274, 55
175594004.436252, 55
175594035.933894, 55
175594066.923855, 55
175594098.319961, 55
175594129.304373, 55
175594160.450244, 55
175594191.578915, 55
175594222.877646, 55
175594269.618508, 55
175594300.777141, 55
175594332.138015, 55
175594363.261138, 55
175594394.378989, 55
175594425.614191, 55
175594456.834966, 55
175594487.987773, 55
175594519.6011, 55
175594567.648619, 55
175594597.842656, 55
new stimulus
new stimulus
175660111.713054, 55
175660617.02055, 55
175660647.764992, 55
175660679.499275, 55
175660710.539726, 55
175660740.943494, 55
175660772.009191, 55
175660803.31458, 55
175660834.447135, 55
175660865.779712, 55
175660912.507535, 55
175660943.825408, 55
175660974.931053, 55
175661006.324108, 55
175661037.492173, 55
175661068.617238, 55
175661100.552652, 55
175661131.247435, 55
175661177.822676, 55
175661208.907515, 55
175661240.123852, 55
175661271.26251, 55
175661302.465808, 55
175661333.826681, 55
175661364.915404, 55
175661396.102056, 55
175661427.503988, 55
175661474.530317, 55
175661505.343837, 55
175661536.519116, 55
175661567.792324, 55
175661598.905737, 55
175661630.208352, 55
175661661.397223, 55
175661692.538934, 55
175661723.8102, 55
175661770.606824, 55
175661801.782102, 55
175661832.900509, 55
175661864.319918, 55
175661895.681624, 55
175661926.659377, 55
175661957.635467, 55
175661989.092328, 55
175662035.86121, 55
175662066.931345, 55
175662098.144075, 55
175662130.98111, 55
175662160.573974, 55
175662191.725949, 55
175662222.859059, 55
175662254.231029, 55
175662285.432662, 55
175662332.177686, 55
175662363.469204, 55
175662394.696637, 55
175662425.796734, 55
175662456.823869, 55
175662488.047696, 55
175662519.386931, 55
175662550.510608, 55
175662581.481427, 55
175662628.405665, 55
175662659.584272, 55
175662690.886887, 55
175662722.05079, 55
175662753.650524, 55
new stimulus
175705972.785195, 55
175706481.017272, 55
175706511.396904, 55
175706542.504214, 55
175706573.652305, 55
175706604.887229, 55
175706635.846673, 55
175706672.348173, 55
175706698.51349, 55
175706727.774003, 55
175706776.368043, 55
175706807.44123, 55
175706838.651186, 55
175706869.86669, 55
175706901.023103, 55
175706932.232227, 55
175706963.328163, 55
175706995.220299, 55
175707041.464021, 55
175707072.683687, 55
175707103.993515, 55
175707135.017043, 55
175707166.491382, 55
175707199.337017, 55
175707229.228664, 55
175707260.407826, 55
175707291.19083, 55
175707338.079558, 55
175707369.039002, 55
175707400.519167, 55
175707431.603451, 55
175707462.604785, 55
175707493.839986, 55
175707525.082956, 55
175707556.214401, 55
175707587.449602, 55
175707634.343047, 55
175707665.473105, 55
175707696.555169, 55
175707727.888855, 55
175707758.952887, 55
175707790.341503, 55
175707821.535368, 55
175707852.836874, 55
175707899.444018, 55
175707930.775208, 55
175707961.81871, 55
175707994.768101, 55
175708024.337662, 55
175708055.451907, 55
175708086.747032, 55
175708117.845186, 55
175708149.044878, 55
175708195.784353, 55
175708226.974889, 55
175708258.260859, 55
175708289.510208, 55
175708321.196775, 55
175708352.549603, 55
175708383.093747, 55
175708414.314245, 55
175708445.466219, 55
175708492.383522, 55
175708523.438954, 55
175708554.616174, 55
175708586.673099, 55
new stimulus
new stimulus
175776076.279074, 50
175776587.187994, 50
175776617.398121, 50
175776648.678265, 50
175776679.691806, 50
175776710.887336, 50
175776742.003246, 50
175776773.038426, 50
175776804.225911, 50
175776835.544893, 50
175776882.347898, 50
175776913.376143, 50
175776944.763649, 50
175776975.836281, 50
175777006.984926, 50
175777038.178792, 50
175777071.067982, 50
175777101.227064, 50
175777147.855016, 50
175777178.878821, 50
175777210.090997, 50
175777241.083731, 50
175777272.475398, 50
175777303.625154, 50
175777334.889484, 50
175777365.920781, 50
175777397.235879, 50
175777443.950941, 50
175777475.021909, 50
175777506.613597, 50
175777538.035781, 50
175777568.873437, 50
175777599.851745, 50
175777631.078069, 50
175777662.513014, 50
175777693.567891, 50
175777740.25854, 50
175777771.447134, 50
175777802.747807, 50
175777834.150294, 50
175777865.200732, 50
175777896.369352, 50
175777927.579308, 50
175777958.696328, 50
175778005.464932, 50
175778036.715669, 50
175778067.918967, 50
175778099.355854, 50
175778130.311136, 50
175778161.54828, 50
175778192.668351, 50
175778223.800074, 50
175778255.124882, 50
175778301.850764, 50
175778333.34258, 50
175778364.194939, 50
175778395.736969, 50
175778426.971338, 50
175778458.066996, 50
175778489.144622, 50
175778520.336268, 50
175778551.547334, 50
175778598.440778, 50
175778630.485496, 50
new stimulus
175796799.873162, 55
175797303.422636, 55
175797334.382912, 55
175797365.351788, 55
175797396.370601, 55
175797427.399678, 55
175797458.584943, 55
175797489.667285, 55
175797521.009293, 55
175797552.370722, 55
175797599.022531, 55
175797630.123738, 55
175797661.553135, 55
175797692.53394, 55
175797723.788006, 55
175797754.981039, 55
175797786.183782, 55
175797817.796554, 55
175797864.382893, 55
175797895.5271, 55
175797926.618596, 55
175797958.028851, 55
175797988.995785, 55
175798020.154418, 55
175798051.286696, 55
175798082.644795, 55
175798113.952126, 55
175798160.530142, 55
175798191.766175, 55
175798223.838358, 55
175798256.223195, 55
175798286.287676, 55
175798317.164726, 55
175798347.959936, 55
175798380.121172, 55
175798410.516895, 55
175798457.062452, 55
175798488.190013, 55
175798519.426047, 55
175798550.725333, 55
175798581.875643, 55
175798613.204613, 55
175798644.39182, 55
175798675.405084, 55
175798722.121533, 55
175798753.458271, 55
175798784.505657, 55
175798817.182343, 55
175798846.957473, 55
175798878.333327, 55
175798909.683936, 55
175798941.167152, 55
175798971.972627, 55
175799018.761206, 55
175799049.734243, 55
175799080.890934, 55
175799112.26124, 55
175799143.419318, 55
175799174.596261, 55
175799205.939934, 55
175799237.085528, 55
175799268.021114, 55
175799315.272154, 55
175799346.205243, 55
new stimulus
175840764.973496, 55
175841263.979077, 55
175841294.696887, 55
175841326.166232, 55
175841356.957004, 55
175841387.979145, 55
175841419.324205, 55
175841450.589368, 55
175841481.554361, 55
175841512.744065, 55
175841559.455798, 55
175841590.603889, 55
175841621.823277, 55
175841653.224654, 55
175841684.335015, 55
175841715.571881, 55
175841746.671423, 55
175841779.533703, 55
175841824.714623, 55
175841855.884907, 55
175841887.174483, 55
175841918.254051, 55
175841949.689551, 55
175841980.73777, 55
175842011.816228, 55
175842043.204843, 55
175842074.413689, 55
175842121.042196, 55
175842152.367836, 55
175842183.56836, 55
175842215.277398, 55
175842245.754128, 55
175842277.03011, 55
175842308.165717, 55
175842339.699979, 55
175842370.6425, 55
175842417.522906, 55
175842449.645857, 55
175842480.038805, 55
175842511.181903, 55
175842542.401568, 55
175842573.560478, 55
175842604.684434, 55
175842635.949874, 55
175842682.696007, 55
175842713.866569, 55
175842745.163358, 55
175842776.323101, 55
175842807.607128, 55
175842838.625385, 55
new stimulus
175879025.842953, 55
175879530.653309, 55
175879561.268472, 55
175879592.34804, 55
175879623.655371, 55
175879654.513556, 55
175879685.677182, 55
175879716.921816, 55
175879748.17394, 55
175879779.247681, 55
175879826.140571, 55
175879857.296984, 55
175879888.534128, 55
175879919.715509, 55
175879951.038653, 55
175879982.165105, 55
175880013.350925, 55
175880045.225861, 55
175880091.450719, 55
175880122.619339, 55
175880153.698629, 55
175880184.840616, 55
175880216.420098, 55
175880247.334322, 55
175880278.517091, 55
175880310.11405, 55
175880340.98999, 55
175880387.68702, 55
175880418.797381, 55
175880450.654008, 55
175880481.331868, 55
175880512.668606, 55
175880543.690193, 55
175880574.881006, 55
175880606.132021, 55
175880637.235447, 55
175880684.058703, 55
175880715.146593, 55
175880746.518286, 55
175880777.830611, 55
175880808.827229, 55
175880840.169793, 55
175880871.266006, 55
175880902.457097, 55
175880949.235966, 55
175880980.685614, 55
175881011.867273, 55
175881044.335337, 55
175881074.196745, 55
175881105.41225, 55
175881136.538147, 55
175881167.620489, 55
175881198.88038, 55
175881245.879522, 55
175881276.891954, 55
175881308.084432, 55
175881339.656424, 55
175881370.455518, 55
175881401.625525, 55
175881432.919262, 55
175881464.043772, 55
175881495.234309, 55
175881542.196276, 55
175881573.446181, 55
175881604.852829, 55
175881635.73293, 55
175881666.745916, 55
175881698.445799, 55
175881729.253493, 55
new stimulus
175915791.537746, 55
175916299.491291, 55
175916330.409677, 55
175916361.311417, 55
175916392.507502, 55
175916423.56765, 55
175916454.742928, 55
175916486.06302, 55
175916517.099588, 55
175916548.389996, 55
175916595.087858, 55
175916626.284497, 55
175916657.488072, 55
175916689.097238, 55
175916719.914088, 55
175916751.031385, 55
175916782.257431, 55
175916814.301872, 55
175916860.675982, 55
175916892.315664, 55
175916922.897815, 55
175916953.868078, 55
175916985.356566, 55
175917016.335429, 55
175917047.485462, 55
175917078.701521, 55
175917109.885399, 55
175917156.619603, 55
175917187.983806, 55
175917219.004837, 55
175917250.401776, 55
175917281.498266, 55
175917312.937372, 55
175917343.8835, 55
175917375.165863, 55
175917406.285379, 55
175917453.116404, 55
175917484.311101, 55
175917515.698885, 55
175917546.70549, 55
175917577.984802, 55
175917609.036627, 55
175917640.331474, 55
175917671.608011, 55
175917718.273692, 55
175917749.604327, 55
175917780.791811, 55
175917813.528697, 55
175917843.229201, 55
175917874.286852, 55
175917905.442156, 55
175917936.735616, 55
175917967.839874, 55
175918014.655917, 55
new stimulus
new stimulus
175984962.725602, 50
175985469.918179, 50
175985500.592156, 50
175985531.524413, 50
175985562.594271, 50
175985593.607257, 50
175985624.770051, 50
175985656.069615, 50
175985687.021013, 50
175985718.336667, 50
175985765.202646, 50
175985796.437015, 50
175985827.529344, 50
175985858.733197, 50
175985890.090741, 50
175985921.260749, 50
175985952.427427, 50
175985983.937276, 50
175986030.581872, 50
175986061.574052, 50
175986092.792331, 50
175986124.022261, 50
175986155.191713, 50
175986186.313726, 50
175986217.730639, 50
175986248.857368, 50
175986280.013504, 50
175986326.966039, 50
175986358.110801, 50
175986389.280531, 50
175986420.465241, 50
175986451.817792, 50
175986483.00389, 50
175986513.936701, 50
175986545.154148, 50
175986576.337194, 50
175986623.129934, 50
175986654.386219, 50
175986685.897455, 50
175986716.841363, 50
175986748.244682, 50
175986779.488761, 50
175986810.398269, 50
175986841.526108, 50
175986888.436752, 50
175986919.669457, 50
175986950.911316, 50
175986985.122144, 50
175987014.681163, 50
175987044.38555, 50
175987075.556667, 50
175987107.315918, 50
175987138.002657, 50
175987184.86503, 50
175987216.231174, 50
175987247.354019, 50
175987511.317839, 55
new stimulus
176019440.60246, 50
176019945.720476, 50
176019976.080134, 50
176020007.317, 50
176020039.236324, 50
176020069.505542, 50
176020100.629497, 50
176020131.719052, 50
176020163.178965, 50
176020194.34065, 50
176020240.99884, 50
176020272.254016, 50
176020303.532217, 50
176020334.822903, 50
176020365.846709, 50
176020397.000071, 50
176020428.16342, 50
176020459.731805, 50
176020506.231033, 50
176020537.423511, 50
176020568.45231, 50
176020599.777119, 50
176020631.109418, 50
176020662.282477, 50
176020693.463858, 50
176020724.642743, 50
176020755.861021, 50
176020802.650432, 50
176020833.891182, 50
176020864.909162, 50
176020896.291952, 50
176020927.45863, 50
176020958.468287, 50
176020989.767295, 50
176021021.039116, 50
176021052.202465, 50
176021098.979947, 50
176021130.347479, 50
176021161.337162, 50
176021192.778765, 50
176021223.892178, 50
176021254.952049, 50
176021286.170882, 50
176021318.484977, 50
176021364.293702, 50
176021395.473418, 50
176021426.568799, 50
176021459.274891, 50
176021488.948207, 50
176021520.070775, 50
176021551.613083, 50
176021582.821374, 50
176021614.409178, 50
176021660.792999, 50
176021691.911405, 50
176021722.973218, 50
