new stimulus
new stimulus
176195240.995511, 55
176195748.645557, 55
176195776.32532, 55
176195808.340631, 55
176195838.432855, 55
176195873.813293, 55
176195900.294594, 55
176195931.260973, 55
176195962.53113, 55
176195993.558265, 55
176196043.680067, 55
176196071.401166, 55
176196103.151817, 55
176196132.537447, 55
176196165.180564, 55
176196196.357784, 55
176196227.29975, 55
176196258.542719, 55
176196305.298285, 55
176196337.064749, 55
176196367.804752, 55
176196399.643069, 55
176196430.124792, 55
176196461.24847, 55
176196492.622105, 55
176196524.074805, 55
176196554.796776, 55
176196601.588961, 55
176196633.018912, 55
176196664.342611, 55
176196695.218551, 55
176196726.269544, 55
176196757.659269, 55
176196788.864509, 55
176196820.647896, 55
176196851.552965, 55
176196898.041374, 55
176196929.323737, 55
176196960.960922, 55
176196991.721177, 55
176197022.720293, 55
176197053.950223, 55
176197085.277806, 55
176197116.424509, 55
new stimulus
new stimulus
176267197.191714, 55
176267707.997155, 55
176267738.469724, 55
176267768.82744, 55
176267800.084558, 55
176267833.851233, 55
176267864.448642, 55
176267893.337132, 55
176267924.655282, 55
176267955.651346, 55
176268003.488024, 55
176268033.624635, 55
176268064.933908, 55
176268095.880868, 55
176268127.175992, 55
176268158.338509, 55
176268189.506297, 55
176268221.419517, 55
176268267.946487, 55
176268298.744472, 55
176268330.383599, 55
176268361.553051, 55
176268393.874636, 55
176268424.573304, 55
176268454.904387, 55
176268485.93929, 55
176268517.237466, 55
176268564.271286, 55
176268595.261801, 55
176268626.243716, 55
176268657.673668, 55
176268688.693035, 55
176268719.85028, 55
176268751.226689, 55
176268782.794242, 55
176268813.778931, 55
176268860.627156, 55
176268891.622665, 55
176268922.797388, 55
176268954.026486, 55
176268985.156822, 55
176269016.477192, 55
176269047.540669, 55
176269078.81138, 55
176269126.070189, 55
176269156.822954, 55
176269187.944412, 55
176269220.6444, 55
176269250.458647, 55
176269281.459982, 55
176269313.794606, 55
176269344.291033, 55
176269375.083469, 55
new stimulus
176298218.195321, 55
176298719.459948, 55
176298750.340049, 55
176298781.189634, 55
176298812.281686, 55
176298843.30355, 55
176298874.534035, 55
176298905.778946, 55
176298937.97042, 55
176298968.343117, 55
176299015.591106, 55
176299046.678997, 55
176299077.873417, 55
176299108.632562, 55
176299139.664968, 55
176299171.096029, 55
176299202.158119, 55
176299233.825266, 55
176299282.604902, 55
176299312.631376, 55
176299342.615127, 55
176299373.642262, 55
176299404.843341, 55
176299436.48663, 55
176299467.279066, 55
176299498.626068, 55
176299529.713126, 55
176299576.467859, 55
176299607.823462, 55
176299638.87501, 55
176299670.310232, 55
176299701.226121, 55
176299732.561471, 55
176299764.323497, 55
176299796.485009, 55
176299827.656404, 55
176299874.792869, 55
176299904.562451, 55
176299936.897353, 55
176299968.2266, 55
176299997.729024, 55
176300028.779185, 55
176300059.995522, 55
176300091.466254, 55
176300137.99794, 55
176300169.120231, 55
176300200.424788, 55
new stimulus
new stimulus
new stimulus
176397003.257209, 55
176397513.679254, 55
176397544.261127, 55
176397575.650852, 55
176397606.512366, 55
176397638.357063, 55
176397668.975001, 55
176397699.87896, 55
176397731.181853, 55
176397762.412893, 55
176397809.088561, 55
176397840.150928, 55
176397871.438285, 55
176397902.73868, 55
176397933.776357, 55
176397964.967171, 55
176397996.275334, 55
176398028.179122, 55
176398074.521329, 55
176398105.535148, 55
176398136.939021, 55
176398168.052712, 55
176398199.328139, 55
176398230.345287, 55
176398261.827949, 55
176398292.858967, 55
176398324.17795, 55
176398370.765398, 55
176398401.841637, 55
176398433.295446, 55
176398464.826934, 55
176398495.626306, 55
176398526.647615, 55
176398557.879764, 55
176398589.023416, 55
176398620.262502, 55
176398667.05108, 55
176398698.442193, 55
176398729.446024, 55
176398760.658754, 55
176398792.014079, 55
176398823.097531, 55
176398854.314145, 55
176398885.695825, 55
176398932.403119, 55
176398963.560365, 55
176398994.6563, 55
176399027.316895, 55
176399057.222136, 55
176399088.141354, 55
176399119.495014, 55
176399150.862823, 55
176399181.941004, 55
new stimulus
new stimulus
176475828.56607, 55
176476340.154118, 55
176476370.452466, 55
176476401.787539, 55
176476434.091647, 55
176476463.968036, 55
176476496.661089, 55
176476526.791042, 55
176476557.849525, 55
176476589.010655, 55
176476635.738478, 55
176476666.805562, 55
176476698.093196, 55
176476729.095918, 55
176476760.348874, 55
176476791.38988, 55
176476822.725508, 55
176476854.48143, 55
176476900.719327, 55
176476931.81443, 55
176476963.024663, 55
176476994.221025, 55
176477025.479253, 55
176477056.696144, 55
176477087.865319, 55
176477119.003145, 55
176477150.228359, 55
176477197.121526, 55
176477228.371153, 55
176477259.539496, 55
176477290.565244, 55
176477322.167197, 55
176477353.075872, 55
176477384.313848, 55
176477415.632553, 55
176477446.866922, 55
176477493.479061, 55
176477524.563899, 55
176477555.870398, 55
176477587.484003, 55
176477618.943916, 55
new stimulus
new stimulus
new stimulus
new stimulus
176603239.475239, 55
176603744.543875, 55
176603775.178181, 55
176603806.616455, 55
176603837.707674, 55
176603868.613853, 55
176603899.686763, 55
176603930.83846, 55
176603962.026777, 55
176603993.200113, 55
176604040.141274, 55
176604071.161751, 55
176604102.527063, 55
176604133.540881, 55
176604164.702843, 55
176604195.942483, 55
176604227.288376, 55
176604259.245706, 55
176604305.63452, 55
176604336.531822, 55
176604367.705435, 55
176604398.979753, 55
176604430.086231, 55
176604461.136114, 55
176604492.467303, 55
176604523.690575, 55
176604554.838111, 55
176604601.87637, 55
176604632.896569, 55
176604664.2039, 55
176604695.204125, 55
176604726.509514, 55
176604757.769961, 55
176604788.772405, 55
176604820.079459, 55
176604851.317434, 55
176604898.213375, 55
176604929.66774, 55
176604960.677674, 55
176604997.253523, 55
176605021.297673, 55
176605054.761127, 55
176605085.405697, 55
176605116.621756, 55
176605163.23112, 55
176605194.453005, 55
176605225.71151, 55
176605258.259472, 55
176605288.245165, 55
176605319.961416, 55
176605350.554108, 55
new stimulus
176641423.752968, 55
176641933.088073, 55
176641963.678546, 55
176641994.856044, 55
176642026.419713, 55
176642059.199599, 55
176642088.9456, 55
176642119.335219, 55
176642150.662524, 55
176642181.728221, 55
176642228.636923, 55
176642259.850763, 55
176642291.124804, 55
176642322.444618, 55
176642353.397127, 55
176642384.679767, 55
176642415.827858, 55
176642447.667839, 55
176642493.961497, 55
176642525.208905, 55
176642556.265724, 55
176642587.620217, 55
176642619.00689, 55
176642649.979373, 55
176642680.95685, 55
176642712.118257, 55
176642743.388691, 55
176642790.233031, 55
176642821.491536, 55
176642852.743937, 55
176642883.892583, 55
176642915.149146, 55
176642946.193203, 55
176642977.359049, 55
176643008.597025, 55
176643039.8264, 55
176643086.794193, 55
176643117.95671, 55
176643149.773387, 55
176643180.333344, 55
176643211.388221, 55
176643242.697217, 55
176643273.896908, 55
176643305.318259, 55
176643351.743693, 55
176643382.920358, 55
176643414.485969, 55
new stimulus
new stimulus
176721732.860809, 55
