new stimulus
new stimulus
176869266.526642, 55
176869761.857771, 55
176869789.578593, 55
176869821.30816, 55
176869851.399828, 55
176869887.642216, 55
176869913.426911, 55
176869944.439897, 55
176869975.508646, 55
176870006.646194, 55
176870056.840126, 55
176870085.975244, 55
176870118.402527, 55
176870146.983634, 55
176870179.915547, 55
176870208.531331, 55
176870240.810748, 55
176870272.052608, 55
176870318.957703, 55
176870350.110233, 55
176870380.935127, 55
176870412.095425, 55
176870443.270148, 55
176870474.407974, 55
176870505.869274, 55
176870537.089218, 55
176870568.483382, 55
176870615.125204, 55
176870646.618685, 55
new stimulus
176903222.832981, 55
176903734.761704, 55
176903765.563017, 55
176903796.42037, 55
176903827.269678, 55
176903858.283774, 55
176903889.775868, 55
176903920.679272, 55
176903952.786965, 55
176903985.426198, 55
176904029.857524, 55
176904061.246417, 55
176904092.375921, 55
176904123.419978, 55
176904154.874898, 55
176904186.239377, 55
176904217.508979, 55
176904250.291362, 55
176904295.399319, 55
176904326.83898, 55
176904357.446099, 55
176904388.763694, 55
176904420.132335, 55
176904451.167238, 55
176904482.796933, 55
176904513.472297, 55
176904544.908907, 55
176904591.441702, 55
176904622.625303, 55
176904653.834704, 55
176904685.14148, 55
176904716.361424, 55
176904747.389391, 55
176904779.210784, 55
176904809.898077, 55
176904841.033684, 55
176904887.867205, 55
176904919.025006, 55
176904950.120664, 55
176904981.803624, 55
176905014.309417, 55
176905044.869374, 55
176905075.169109, 55
176905106.336897, 55
176905153.364058, 55
176905184.424761, 55
176905215.533736, 55
176905246.883789, 55
new stimulus
new stimulus
new stimulus
177007244.360638, 55
177007755.641858, 55
177007785.337091, 55
177007816.420265, 55
177007847.62384, 55
177007878.548329, 55
177007909.779924, 55
177007940.866427, 55
177007972.108009, 55
177008003.450572, 55
177008050.079911, 55
177008081.623328, 55
177008112.611069, 55
177008143.625997, 55
177008174.834011, 55
177008206.06727, 55
177008237.379595, 55
177008269.011787, 55
177008315.590357, 55
177008346.620266, 55
177008377.807474, 55
177008408.824067, 55
177008440.0429, 55
177008471.332476, 55
177008502.683362, 55
177008534.859578, 55
177008565.283876, 55
177008612.418399, 55
177008643.187255, 55
177008674.065414, 55
177008706.724067, 55
177008737.341172, 55
177008766.455206, 55
177008796.911407, 55
177008830.150703, 55
177008863.762023, 55
177008908.68383, 55
177008939.396923, 55
177008970.291728, 55
new stimulus
177045856.016683, 55
177046364.605801, 55
177046394.852548, 55
177046426.021723, 55
177046457.048858, 55
177046488.319569, 55
177046519.596939, 55
177046550.718397, 55
177046582.131703, 55
177046613.086709, 55
177046659.741015, 55
177046691.255303, 55
177046722.397845, 55
177046755.240429, 55
177046786.453436, 55
177046815.820479, 55
177046846.991596, 55
177046878.629336, 55
177046925.060318, 55
177046956.157086, 55
177046987.385906, 55
177047018.481564, 55
177047049.831618, 55
177047080.973328, 55
177047112.085632, 55
177047143.638759, 55
177047174.728868, 55
177047221.537421, 55
177047252.945734, 55
177047283.872442, 55
177047315.254122, 55
177047346.08401, 55
177047377.245417, 55
177047408.666491, 55
177047439.779627, 55
177047470.876394, 55
177047517.732109, 55
177047549.049982, 55
177047580.069349, 55
177047611.538695, 55
177047643.076563, 55
177047673.875103, 55
177047704.923599, 55
177047736.473119, 55
177047782.964024, 55
177047814.020011, 55
177047845.292387, 55
177047878.036208, 55
177047907.708415, 55
177047938.921145, 55
177047970.16134, 55
177048001.449806, 55
177048032.572097, 55
177048079.436966, 55
177048110.701574, 55
177048141.945098, 55
new stimulus
177071575.191996, 55
177072072.909231, 55
177072103.533549, 55
177072134.494103, 55
177072165.796718, 55
177072196.75422, 55
177072227.908969, 55
177072259.300358, 55
177072290.519469, 55
177072321.998524, 55
177072368.551572, 55
177072399.646398, 55
177072430.921548, 55
177072462.123181, 55
177072493.191097, 55
177072524.443221, 55
177072555.515021, 55
177072588.357049, 55
177072634.03705, 55
177072664.757634, 55
177072695.93319, 55
177072727.291844, 55
177072758.371689, 55
177072789.530599, 55
177072820.91644, 55
177072852.186042, 55
177072883.335242, 55
177072929.884406, 55
177072961.358745, 55
177072992.421945, 55
177073025.177973, 55
177073054.990832, 55
177073086.063187, 55
177073117.085605, 55
177073148.319975, 55
177073179.947173, 55
177073226.400071, 55
177073257.596711, 55
177073288.675446, 55
177073320.204992, 55
177073351.361406, 55
177073382.404076, 55
177073413.517212, 55
177073444.871704, 55
177073491.452217, 55
177073522.712109, 55
177073554.202815, 55
177073585.153937, 55
177073616.473474, 55
177073648.176131, 55
177073679.29537, 55
177073710.256479, 55
177073741.151006, 55
177073787.933759, 55
177073819.677752, 55
177073850.385019, 55
177073881.67626, 55
177073912.767757, 55
177073944.054836, 55
177073975.119145, 55
177074006.330766, 55
177074037.764878, 55
177074084.439714, 55
177074115.542308, 55
177074146.994176, 55
177074178.060982, 55
177074209.216286, 55
new stimulus
new stimulus
177147932.081864, 55
177148434.574083, 55
177148465.342661, 55
177148496.199459, 55
177148527.50679, 55
177148558.476499, 55
177148589.699493, 55
177148620.905011, 55
177148652.144096, 55
177148683.183437, 55
177148729.982281, 55
177148761.441361, 55
177148792.585291, 55
177148823.728388, 55
177148854.789923, 55
177148885.911104, 55
177148917.310817, 55
177148948.844801, 55
177148995.285216, 55
177149026.299589, 55
177149057.593049, 55
177149088.803282, 55
177149119.900327, 55
177149151.223194, 55
177149182.289723, 55
177149213.598718, 55
177149244.799519, 55
177149291.609182, 55
177149322.966449, 55
177149353.963622, 55
177149385.314508, 55
177149416.345805, 55
177149447.572961, 55
177149478.989596, 55
177149510.325501, 55
177149541.345423, 55
177149588.058821, 55
177149619.159472, 55
177149650.378583, 55
177149681.483951, 55
177149712.944419, 55
177149743.955463, 55
177149775.218129, 55
177149806.369827, 55
new stimulus
177177927.842027, 55
177178433.145916, 55
177178464.072347, 55
177178494.903067, 55
177178531.174307, 55
177178555.995793, 55
177178588.623374, 55
177178619.628593, 55
177178650.654618, 55
177178681.761095, 55
177178728.884245, 55
177178759.807069, 55
177178791.011199, 55
177178822.225039, 55
177178853.39144, 55
177178884.655493, 55
177178915.988347, 55
177178947.366698, 55
177178993.806002, 55
177179025.035655, 55
177179056.212875, 55
177179087.335443, 55
177179119.103572, 55
177179152.33843, 55
177179181.629181, 55
177179212.293171, 55
177179243.422675, 55
177179290.281164, 55
177179321.568243, 55
177179352.600371, 55
177179383.725991, 55
177179414.898218, 55
177179446.108174, 55
177179477.453789, 55
177179508.65459, 55
177179539.699757, 55
177179586.823461, 55
177179617.787899, 55
177179649.065546, 55
177179680.143171, 55
177179711.522355, 55
177179742.578619, 55
177179773.660406, 55
177179805.165538, 55
177179851.821787, 55
177179882.982084, 55
new stimulus
177205062.838541, 55
177205561.307034, 55
177205591.891958, 55
177205623.055307, 55
177205654.170107, 55
177205685.341502, 55
177205716.424121, 55
177205747.683458, 55
177205778.909782, 55
177205810.176054, 55
177205857.087531, 55
177205888.107175, 55
177205919.325176, 55
177205950.457454, 55
177205981.6577, 55
177206012.874592, 55
177206044.031283, 55
177206076.796188, 55
177206122.492002, 55
177206153.258083, 55
177206184.69386, 55
177206215.655524, 55
177206247.020281, 55
177206278.144791, 55
177206309.67184, 55
177206340.43154, 55
177206371.664245, 55
177206418.576831, 55
177206449.644747, 55
177206480.929884, 55
177206512.066878, 55
177206543.268234, 55
177206574.684314, 55
177206605.837121, 55
177206637.107833, 55
177206668.153277, 55
177206714.899688, 55
177206746.000894, 55
177206777.283257, 55
177206808.481562, 55
177206839.613839, 55
177206870.867905, 55
177206902.126688, 55
177206933.224565, 55
177206980.256443, 55
new stimulus
177246910.770042, 55
177247415.934943, 55
177247446.585616, 55
177247477.775598, 55
177247508.894837, 55
177247539.90283, 55
177247571.064237, 55
177247602.213715, 55
177247633.450303, 55
177247664.732389, 55
177247711.42276, 55
177247742.75284, 55
177247773.810768, 55
177247805.030989, 55
177247836.556373, 55
177247867.774375, 55
177247898.646708, 55
177247930.078324, 55
177247976.810031, 55
177248007.933432, 55
177248039.095394, 55
177248070.137787, 55
177248101.535557, 55
177248132.689196, 55
177248163.917739, 55
177248194.94099, 55
177248226.500498, 55
new stimulus
177290008.895808, 55
177290518.699757, 55
177290549.558219, 55
177290580.327629, 55
177290611.329241, 55
177290642.856013, 55
177290673.662875, 55
177290704.736062, 55
177290735.944631, 55
177290767.351833, 55
177290813.965636, 55
177290845.21027, 55
177290876.364742, 55
177290907.834087, 55
177290938.73444, 55
177290969.986841, 55
177291001.264211, 55
177291032.799028, 55
177291079.250539, 55
177291110.878569, 55
177291142.303805, 55
177291173.008575, 55
177291203.951929, 55
177291235.25815, 55
177291266.589062, 55
177291297.705804, 55
177291329.055581, 55
177291375.887715, 55
177291406.914017, 55
177291438.117038, 55
177291469.3564, 55
177291500.459549, 55
177291531.655634, 55
177291562.90859, 55
177291594.032545, 55
177291625.177584, 55
177291672.129287, 55
177291703.08457, 55
177291734.715374, 55
177291766.292914, 55
177291796.994911, 55
177291827.99902, 55
177291859.124362, 55
177291890.353182, 55
177291937.241356, 55
177291968.856902, 55
177291999.565834, 55
177292032.17039, 55
177292062.050663, 55
new stimulus
177327104.113083, 50
177327615.184295, 50
177327645.710683, 50
177327676.772774, 50
177327707.887574, 50
177327739.094201, 50
177327770.156845, 50
177327801.341001, 50
177327832.615319, 50
177327863.772842, 50
177327911.043025, 50
177327942.612797, 50
177327973.250709, 50
177328004.157443, 50
177328035.435922, 50
177328066.742976, 50
177328097.919364, 50
177328129.776545, 50
177328175.842439, 50
177328206.922007, 50
177328238.2851, 50
177328269.311957, 50
177328301.030705, 50
177328331.751011, 50
177328362.874134, 50
177328394.140961, 50
177328425.518758, 50
177328472.192484, 50
177328503.311445, 50
177328534.746113, 50
177328565.767699, 50
177328596.931603, 50
177328628.223953, 50
177328659.347354, 50
177328690.556755, 50
177328722.026655, 50
177328768.567773, 50
177328799.930866, 50
177328830.947459, 50
177328862.134944, 50
177328894.021809, 50
177328924.932981, 50
177328955.942084, 50
177328986.984754, 50
177329033.791366, 50
177329064.956656, 50
177329096.257607, 50
177329128.828039, 50
177329158.501633, 50
177329189.662485, 50
177329221.073572, 50
177329252.188372, 50
177329283.727905, 50
177329329.328009, 50
177329361.461225, 50
177329392.786865, 50
177329424.160223, 50
177329455.253384, 50
177329486.364855, 50
177329517.477436, 50
177329548.850516, 50
new stimulus
177356056.922243, 55
177356568.535814, 55
177356599.293018, 55
177356630.9843, 55
177356661.551747, 55
177356693.238869, 55
177356723.972491, 55
177356754.864799, 55
177356786.15715, 55
177356817.329931, 55
177356864.050264, 55
177356895.180877, 55
177356926.419962, 55
177356957.57915, 55
177356988.948069, 55
177357020.002668, 55
177357051.357993, 55
177357082.994346, 55
177357129.523536, 55
177357160.658865, 55
177357191.661032, 55
177357222.862665, 55
177357253.995498, 55
177357285.120285, 55
177357316.695606, 55
177357348.040389, 55
177357378.845309, 55
177357425.825309, 55
177357456.916528, 55
177357488.570359, 55
177357519.70763, 55
177357551.332054, 55
177357581.675067, 55
177357612.771835, 55
177357644.093037, 55
177357675.202566, 55
177357721.941764, 55
177357753.291263, 55
177357784.337817, 55
177357815.688426, 55
177357846.811549, 55
177357878.270075, 55
177357909.257816, 55
177357940.448629, 55
177357987.313499, 55
177358018.433848, 55
177358049.642694, 55
177358081.005509, 55
177358112.136955, 55
177358143.154657, 55
177358174.423427, 55
177358205.987095, 55
new stimulus
177393388.201083, 55
177393899.37716, 55
177393929.876638, 55
177393960.886018, 55
177393992.001373, 55
177394023.100638, 55
177394054.270922, 55
177394085.374903, 55
177394116.825384, 55
177394147.906616, 55
177394194.661904, 55
177394225.708181, 55
177394256.976673, 55
177394288.393308, 55
177394319.741975, 55
177394350.612089, 55
177394382.096415, 55
177394413.284177, 55
177394459.874122, 55
177394491.011948, 55
177394522.314841, 55
177394553.462654, 55
177394584.718939, 55
177394615.979109, 55
177394647.043973, 55
177394678.430369, 55
177394709.539621, 55
177394756.376748, 55
177394788.283588, 55
177394818.830783, 55
177394850.039352, 55
177394881.042906, 55
177394912.267288, 55
177394943.551593, 55
177394974.609521, 55
177395005.848052, 55
177395052.677134, 55
177395083.81718, 55
177395114.975812, 55
177395146.284808, 55
177395177.596578, 55
177395208.687797, 55
177395239.810642, 55
177395271.139335, 55
177395318.055805, 55
177395349.101527, 55
177395380.258496, 55
177395412.925194, 55
177395442.840144, 55
177395473.940796, 55
177395505.186817, 55
177395536.181771, 55
177395567.502695, 55
177395614.32401, 55
177395645.442971, 55
177395677.04104, 55
177395707.948884, 55
177395739.14053, 55
177395770.114677, 55
177395801.646165, 55
177395832.642506, 55
177395863.928753, 55
177395910.645202, 55
