new stimulus
new stimulus
383865941.860152, 55
383866436.084923, 55
383866463.761912, 55
383866495.851017, 55
383866525.569553, 55
383866561.27513, 55
383866587.684024, 55
383866619.208021, 55
new stimulus
new stimulus
383926020.909283, 55
383926522.252975, 55
383926552.39347, 55
383926581.439536, 55
383926612.999043, 55
383926643.768731, 55
383926674.988674, 55
383926706.047435, 55
383926737.386947, 55
383926768.865724, 55
383926819.324039, 55
383926846.804891, 55
383926878.60742, 55
383926909.058072, 55
383926941.347754, 55
383926971.527642, 55
383927004.172701, 55
383927035.653421, 55
383927080.747507, 55
383927112.817193, 55
383927143.394905, 55
383927175.459597, 55
383927206.597978, 55
383927236.809216, 55
383927268.332381, 55
383927300.199549, 55
383927330.582788, 55
new stimulus
383956844.738653, 55
383957348.63962, 55
383957379.44454, 55
383957410.490817, 55
383957442.392386, 55
383957472.077631, 55
383957503.260122, 55
383957534.295025, 55
383957565.644801, 55
383957597.145773, 55
383957643.623916, 55
383957674.737052, 55
383957706.745428, 55
383957737.228261, 55
383957768.567773, 55
383957799.663709, 55
383957830.912226, 55
383957862.331913, 55
383957908.857773, 55
new stimulus
new stimulus
new stimulus
384063279.759386, 50
384063786.363274, 50
384063816.877733, 50
384063848.442789, 50
384063879.257974, 50
384063910.472368, 50
384063941.525304, 50
384063972.953868, 50
384064003.803453, 50
384064035.252546, 50
384064081.94375, 50
384064113.196151, 50
384064144.623883, 50
384064175.48401, 50
384064206.675934, 50
384064237.884225, 50
new stimulus
new stimulus
new stimulus
new stimulus
new stimulus
new stimulus
new stimulus
new stimulus
384347714.368425, 55
384348219.813245, 55
384348250.959116, 55
384348282.057548, 55
384348312.808371, 55
384348343.61662, 55
384348375.310122, 55
384348406.061777, 55
384348437.346082, 55
384348471.643743, 55
384348515.585697, 55
384348546.408926, 55
384348578.392612, 55
384348609.054105, 55
384348640.042123, 55
384348671.148046, 55
384348702.338027, 55
384348735.349561, 55
new stimulus
