new stimulus
new stimulus
384568289.369833, 55
384568794.746684, 55
384568822.5499, 55
384568854.387662, 55
384568884.191644, 55
384568914.577379, 55
384568944.754771, 55
384568977.729685, 55
384569008.469688, 55
384569039.671876, 55
384569089.987873, 55
384569118.024678, 55
384569150.557382, 55
384569182.984664, 55
384569210.701047, 55
384569243.286183, 55
new stimulus
new stimulus
new stimulus
new stimulus
new stimulus
new stimulus
new stimulus
new stimulus
384849369.056757, 55
384849870.163254, 55
384849900.950419, 55
384849931.894882, 55
384849962.975559, 55
384849993.946378, 55
384850025.865701, 55
384850057.900155, 55
384850087.706356, 55
384850118.695207, 55
384850165.466308, 55
384850196.615786, 55
384850227.888439, 55
384850259.25819, 55
384850290.308629, 55
384850321.482242, 55
384850353.399069, 55
384850384.540779, 55
384850430.98258, 55
384850462.049664, 55
384850493.137277, 55
384850524.339188, 55
384850555.390736, 55
384850586.773248, 55
384850617.860029, 55
384850649.377368, 55
384850680.432522, 55
384850727.107358, 55
384850758.527322, 55
384850789.543083, 55
384850820.773846, 55
384850852.20879, 55
384850884.64828, 55
384850915.229321, 55
384850946.261726, 55
384850977.000065, 55
384851023.62663, 55
384851054.813005, 55
384851085.910605, 55
384851117.091154, 55
384851148.523602, 55
384851179.608718, 55
384851210.917714, 55
384851241.888532, 55
384851289.164541, 55
384851319.910093, 55
384851351.431871, 55
new stimulus
new stimulus
new stimulus
new stimulus
new stimulus
new stimulus
385056029.121801, 55
385056537.985567, 55
385056568.459801, 55
385056599.472232, 55
385056630.545974, 55
385056661.732072, 55
385056692.67709, 55
385056724.047395, 55
385056755.40272, 55
385056786.986363, 55
385056833.676457, 55
385056864.592901, 55
385056895.461073, 55
385056926.674358, 55
385056957.946734, 55
385056989.204129, 55
new stimulus
