new stimulus
new stimulus
385262349.886908, 55
385262853.962929, 55
385262881.529504, 55
385262913.291252, 55
385262943.470863, 55
385262979.612824, 55
385263005.4555, 55
385263036.722605, 55
385263067.619906, 55
385263099.070387, 55
385263148.997993, 55
385263177.915058, 55
385263210.110971, 55
385263238.903196, 55
385263270.517078, 55
385263302.105992, 55
new stimulus
new stimulus
new stimulus
385366974.802329, 50
385367478.826472, 50
385367511.903199, 50
385367543.457158, 50
385367572.248828, 50
385367602.55106, 50
385367633.831758, 50
385367664.978739, 50
385367696.093262, 50
385367728.607933, 50
385367774.329825, 50
385367805.233229, 50
385367836.326113, 50
385367867.988822, 50
385367898.708296, 50
new stimulus
385398676.016244, 55
385399177.340795, 55
385399208.020598, 55
385399239.849759, 55
385399270.672711, 55
385399302.910515, 55
385399332.718381, 55
new stimulus
new stimulus
new stimulus
new stimulus
new stimulus
385578070.002405, 55
new stimulus
385602622.491586, 55
385603130.87569, 55
385603161.842624, 55
385603194.031324, 55
385603224.770773, 55
385603254.772834, 55
385603285.870989, 55
385603317.159178, 55
385603348.435437, 55
new stimulus
new stimulus
new stimulus
385713658.049852, 55
385714155.276604, 55
385714186.14228, 55
385714217.068433, 55
385714248.474526, 55
385714279.444512, 55
385714310.736585, 55
385714341.847501, 55
385714373.556262, 55
385714404.254097, 55
385714451.081237, 55
385714482.462917, 55
385714513.420974, 55
385714545.074527, 55
385714576.281432, 55
385714607.036693, 55
385714638.105719, 55
385714671.814413, 55
385714716.586135, 55
385714747.466237, 55
385714778.4365, 55
385714809.913891, 55
385714841.05671, 55
385714872.058322, 55
385714903.414757, 55
385714934.647184, 55
385714965.876282, 55
385715012.900947, 55
385715044.615256, 55
385715075.16578, 55
385715106.20956, 55
385715137.488871, 55
385715168.666092, 55
385715199.793376, 55
385715233.127551, 55
385715262.487658, 55
385715309.021008, 55
385715340.782479, 55
new stimulus
new stimulus
