new stimulus
new stimulus
new stimulus
354506587.197426, 49
354510173.682156, 50
new stimulus
354539230.432675, 56
354539740.091532, 56
354539770.397093, 56
354539801.050541, 56
354539832.447756, 56
354544521.313348, 54
354545027.424812, 54
354545058.023885, 54
354545089.259919, 54
354545120.287331, 54
354545151.596049, 54
354545182.548835, 54
354545213.972128, 54
354545246.448237, 54
new stimulus
354571977.786556, 50
354572483.207517, 50
354572513.981089, 50
354572545.660997, 50
354573672.073525, 49
354574183.470985, 49
354574214.077548, 49
354574245.974123, 49
354574276.62119, 49
354574307.788423, 49
354574338.811119, 49
354574370.689384, 49
new stimulus
new stimulus
354653483.380629, 56
354653532.113102, 54
354654039.345628, 54
354654070.340859, 54
354654101.603803, 54
354654132.818752, 54
354654163.495503, 54
354654195.550764, 54
354654226.029713, 54
354654257.089861, 54
354654288.444631, 54
new stimulus
new stimulus
new stimulus
354753258.789347, 50
354753769.729893, 50
354753801.096038, 50
354753834.169159, 50
354753863.935411, 50
354753893.865065, 50
354753925.013156, 50
354753956.276655, 50
354753986.104772, 50
354754783.78547, 56
354754892.745391, 54
354755407.833116, 54
354755438.292923, 54
354755469.452388, 54
354755500.659293, 54
354755532.477634, 54
354755561.750354, 54
354755594.204824, 54
354755625.540729, 54
354755656.79646, 54
354755703.457979, 54
354755734.746723, 54
new stimulus
354785424.775267, 56
354785632.926808, 54
354786139.812002, 54
354786170.690716, 54
354786201.342777, 54
354786232.861503, 54
354786264.075898, 54
354786295.134381, 54
354786326.832877, 54
354786357.661378, 54
354786388.773126, 54
354786436.837013, 54
354786466.421555, 54
354786497.669517, 54
354786528.748808, 54
354786560.112733, 54
354786591.231972, 54
354786622.400314, 54
354786654.328238, 54
354786700.427978, 54
new stimulus
354822390.035673, 56
354822602.037274, 54
354823111.492227, 54
354823142.653079, 54
354823173.694085, 54
354823204.412449, 54
354823235.655696, 54
354823267.352249, 54
354823298.166879, 54
354823328.973464, 54
354823360.392873, 54
354823409.37891, 54
354823438.963452, 54
354823469.491505, 54
354823500.506156, 54
354823531.692253, 54
354823562.927455, 54
354823594.175695, 54
354823625.633388, 54
354823672.264669, 54
new stimulus
354864438.057392, 56
354864934.695456, 56
354864966.332641, 56
354864997.619443, 56
354865026.615572, 56
354865057.903206, 56
354865087.481367, 56
354865118.793414, 56
354865152.520141, 56
354865183.415223, 56
354865230.271493, 56
354865261.754709, 56
354865292.755766, 56
354865323.85947, 56
354865355.089677, 56
354865386.447222, 56
354865417.574783, 56
354865450.250359, 56
354865495.789152, 56
354865526.681183, 56
354865558.042888, 56
354865589.144372, 56
354865620.235037, 56
new stimulus
new stimulus
354921218.479678, 56
354921718.458733, 56
354921749.093038, 56
354921780.352098, 56
354921811.352878, 56
354921842.516504, 56
354921873.537813, 56
354921906.552953, 56
354921937.175884, 56
354921968.928755, 56
354922014.08748, 56
354933658.880175, 56
354934167.184659, 56
354934198.039792, 56
354934228.972049, 56
354934260.158701, 56
354934291.477962, 56
354934322.41216, 56
354934353.583832, 56
354934384.942763, 56
354934415.973227, 56
354934462.747935, 56
354934494.07413, 56
354934525.462469, 56
new stimulus
new stimulus
354997847.798616, 56
354998345.70311, 56
354998375.837501, 56
354998407.028593, 56
354998438.456879, 56
354998469.244044, 56
354998500.434026, 56
354998531.562975, 56
354998562.718833, 56
354998593.98788, 56
