new stimulus
new stimulus
356494511.418821, 50
356495452.380681, 56
new stimulus
356532549.496354, 50
new stimulus
356558449.593147, 49
356558957.227379, 49
356558987.145382, 49
356559016.591212, 49
356559049.364163, 49
356559079.243326, 49
356559110.678271, 49
new stimulus
356581330.783641, 50
356582228.345631, 56
356583494.980745, 50
356592086.4255, 50
356593343.416322, 54
356593707.554945, 49
356597308.995208, 52
356597616.138903, 57
356598435.662132, 50
356599462.41059, 56
new stimulus
new stimulus
new stimulus
new stimulus
new stimulus
new stimulus
new stimulus
new stimulus
new stimulus
new stimulus
new stimulus
new stimulus
new stimulus
new stimulus
357982651.30545, 55
357983157.648838, 55
357983188.797484, 55
357983218.645021, 55
357983251.118079, 55
new stimulus
358012366.653174, 55
358012874.617539, 55
358012905.211063, 55
358017898.743251, 55
358018400.437605, 55
358018429.614613, 55
358018457.081594, 55
358018489.5344, 55
358018520.55987, 55
358018551.706851, 55
358018583.334882, 55
358024241.837209, 50
new stimulus
358050284.814844, 50
new stimulus
new stimulus
358122496.65776, 55
358122994.143902, 55
358123025.921463, 55
358125890.870019, 55
358127036.452396, 55
358127549.093815, 55
358127580.041052, 55
358127611.118678, 55
358127641.963824, 55
358127673.17378, 55
358127704.844256, 55
358127736.287801, 55
358127768.205738, 55
358127798.165631, 55
358127844.718124, 55
358127876.074836, 55
new stimulus
358148943.09024, 55
358149452.700826, 55
358149483.003058, 55
358149513.445942, 55
358149544.739957, 55
358149575.615065, 55
358149606.61196, 55
358149637.681818, 55
358149669.001633, 55
358149700.214086, 55
358149746.962439, 55
358149778.090555, 55
358149809.251962, 55
358149840.553467, 55
358149871.668822, 55
358149903.032192, 55
358149934.401943, 55
358149968.670197, 55
358150013.460229, 55
358150043.494194, 55
358150074.666421, 55
358150106.222044, 55
358150137.038893, 55
358150168.450257, 55
358150199.535373, 55
358150231.156468, 55
358150262.043783, 55
358150308.700586, 55
358150339.941891, 55
358150371.268641, 55
358150402.166498, 55
358150433.42417, 55
358150464.595842, 55
358150494.441437, 55
358150526.925314, 55
358150558.289794, 55
358150605.250929, 55
358150636.372665, 55
358150667.412838, 55
358150698.775654, 55
358150729.936229, 55
358150760.899834, 55
358150792.252939, 55
358157906.776832, 55
new stimulus
358183482.829669, 55
358183989.612771, 55
358184021.284635, 55
358184051.657331, 55
358184082.653395, 55
358184114.070308, 55
358184144.786453, 55
358184175.92206, 55
358196454.721289, 55
358196952.944818, 55
358196983.810771, 55
358197014.864261, 55
358197046.046197, 55
358197077.204553, 55
358197108.630343, 55
358197139.469386, 55
358197170.627464, 55
358197202.78648, 55
358197249.896868, 55
358197280.014059, 55
358197311.56996, 55
358197342.414274, 55
358197374.096402, 55
358197404.965684, 55
358197435.912366, 55
358197468.73775, 55
new stimulus
new stimulus
358257241.709872, 55
358257745.99063, 55
358257775.224233, 55
358257807.818246, 55
358257838.886994, 55
358257869.964897, 55
358257901.997132, 55
358257932.98404, 55
358257963.94182, 55
358257994.95758, 55
358258043.025074, 55
358258074.641175, 55
358258104.263446, 55
358258135.642074, 55
358258166.474459, 55
358258197.56984, 55
358258228.72875, 55
358258260.18256, 55
358258305.977968, 55
358258337.890356, 55
358258369.120841, 55
358258400.553567, 55
358260817.480571, 55
358261318.396479, 55
358261348.990004, 55
358261379.904783, 55
358261411.135545, 55
358261442.187093, 55
358261473.415082, 55
358261504.607283, 55
358261535.801148, 55
358261566.976981, 55
358261614.025781, 55
358261645.649373, 55
358261676.317247, 55
358261707.721398, 55
358261738.649771, 55
358261770.22204, 55
358261801.182593, 55
358261832.398375, 55
358261879.30569, 55
358261909.097188, 55
358261941.71617, 55
358261972.731376, 55
new stimulus
358291215.138132, 55
358291722.44251, 55
358291753.179184, 55
358291784.378598, 55
358291815.548605, 55
358291846.519146, 55
358291877.687489, 55
358291909.024781, 55
358291940.160111, 55
358291971.427216, 55
358292018.859968, 55
358292049.529506, 55
358292080.526124, 55
358292112.740902, 55
358292143.427641, 55
358292175.631599, 55
358292206.266459, 55
358292238.249867, 55
358292283.546194, 55
358292314.548084, 55
358292345.890924, 55
358292376.907795, 55
358292408.302514, 55
358292439.439508, 55
358292471.726415, 55
358298540.558655, 55
358299039.027148, 55
358299069.407612, 55
358299100.73686, 55
358299132.11743, 55
358299162.877685, 55
358299193.995814, 55
358299225.229906, 55
358299257.855268, 55
358299287.718896, 55
358299336.344839, 55
358299365.863909, 55
new stimulus
358332749.306376, 55
358333249.728195, 55
358333280.166364, 55
358333311.617677, 55
358333342.774645, 55
358333373.614243, 55
358333404.636384, 55
358333435.875192, 55
358333467.083761, 55
358333498.312581, 55
358333545.101437, 55
358333576.35911, 55
358333607.459207, 55
358333638.631433, 55
358333669.905751, 55
358333701.31656, 55
358333730.240005, 55
358333763.808324, 55
358333810.317262, 55
358333841.728903, 55
358333872.756593, 55
358333903.889703, 55
new stimulus
new stimulus
358408258.505822, 50
358408768.571102, 50
358408799.372693, 50
358408831.315598, 50
358408861.720198, 50
358408892.673261, 50
358408924.074083, 50
358408953.746845, 50
358408985.797111, 50
358409017.566627, 50
358409064.522491, 50
358409095.837035, 50
358409126.079344, 50
358409158.18454, 50
358409189.133164, 50
358409220.351166, 50
358409251.436837, 50
358409283.317876, 50
358409329.49363, 50
358409360.730218, 50
358409391.979845, 50
358409423.085213, 50
358409454.188084, 50
358409485.792257, 50
358409516.686784, 50
358409548.112019, 50
358409579.423234, 50
358409626.357737, 50
358409657.100792, 50
358409688.378716, 50
new stimulus
358430528.969913, 55
358431029.790388, 55
358431060.602521, 55
358431091.502042, 55
358431123.177511, 55
358431153.875624, 55
358431185.172968, 55
358431216.165425, 55
358431247.394246, 55
358431278.466045, 55
358431325.33896, 55
358431356.451264, 55
358438347.697495, 55
358438845.46855, 55
358438876.011306, 55
358438907.119171, 55
358438938.25561, 55
358438969.482489, 55
358439001.248953, 55
358439031.977859, 55
358439062.90207, 55
358439094.064587, 55
358439141.131143, 55
358439172.338602, 55
358439202.143693, 55
358439234.488859, 55
358439265.643608, 55
358439296.944836, 55
358439328.218599, 55
358439359.722067, 55
new stimulus
358465798.900799, 50
358466301.408553, 50
358466331.988207, 50
358469926.378626, 50
358470435.180528, 50
358470471.019822, 50
358470497.389044, 50
358470526.528601, 50
358470559.288235, 50
358470590.305383, 50
358470621.641288, 50
358470652.79354, 50
358470683.946347, 50
358470730.832856, 50
358470761.977063, 50
358470793.209767, 50
358470824.394478, 50
358470855.930404, 50
358470888.523031, 50
358470919.044426, 50
358470949.305321, 50
358480239.867514, 50
new stimulus
