new stimulus
new stimulus
355818676.515049, 56
355819176.952127, 56
355819204.636051, 56
355819236.474922, 56
355819267.040982, 56
new stimulus
355854007.45044, 56
355854507.579857, 56
355854539.117171, 56
355854570.039441, 56
355854602.096643, 56
355854632.992835, 56
355854662.113527, 56
355854693.170346, 56
355854724.2169, 56
355854755.451824, 56
355854802.354701, 56
355854833.594618, 56
355854864.5069, 56
355854895.921316, 56
new stimulus
355891544.111596, 56
355892056.919469, 56
355892086.624411, 56
new stimulus
new stimulus
355957731.594934, 56
355958230.998615, 56
355958261.15631, 56
355958292.275549, 56
355958324.62127, 56
355958354.654957, 56
355958385.507872, 56
355958416.708672, 56
355958448.389413, 56
355958479.37438, 56
355958525.985686, 56
355958557.407315, 56
355961474.314761, 56
355961974.50854, 56
355962006.153216, 56
355962036.009353, 56
355962067.177141, 56
355962098.3674, 56
355962130.189626, 56
355962161.181805, 56
355962191.967861, 56
new stimulus
356002004.743358, 56
356002503.044011, 56
356002533.605354, 56
356002564.746787, 56
356002596.024434, 56
356002627.051569, 56
356002658.153607, 56
356002689.342757, 56
356002720.443686, 56
356002750.446579, 56
356002798.508524, 56
356002829.841655, 56
356002861.050779, 56
356002892.418865, 56
356002924.827838, 56
356002955.04934, 56
356002985.869241, 56
356003018.881329, 56
356003064.079449, 56
356003095.112964, 56
new stimulus
356033115.187485, 56
356033624.979228, 56
356033655.669295, 56
356033686.996323, 56
356033717.972412, 56
356033748.874707, 56
356033780.057476, 56
356033811.210005, 56
356033842.350606, 56
356033873.498697, 56
356033920.491458, 56
356033951.55438, 56
356033983.522807, 56
356034013.99926, 56
356034045.534632, 56
356034076.482979, 56
356034107.640502, 56
356034139.647491, 56
356034185.714218, 56
356034217.611348, 56
356039309.386095, 56
new stimulus
356049160.6314, 50
356049597.288645, 56
new stimulus
356102665.672294, 56
356103169.364085, 56
356103199.838873, 56
356103229.982974, 56
356103261.874555, 56
356103293.481779, 56
356103324.972764, 56
356103355.940808, 56
356103386.902471, 56
356103417.95929, 56
356103464.657984, 56
356103496.109574, 56
356103527.087328, 56
356103560.21954, 56
356103590.307047, 56
356103621.315595, 56
356103652.022862, 56
356103683.415917, 56
356103730.332942, 56
356103761.051861, 56
356103792.932345, 56
356103823.717014, 56
356103854.64289, 56
356103885.976853, 56
356103917.309707, 56
356103948.408971, 56
356103979.555675, 56
356104026.570908, 56
356104057.561145, 56
356104088.790521, 56
356104121.023886, 56
356104151.281175, 56
356104182.705023, 56
356104213.754629, 56
356104246.406346, 56
356104277.850169, 56
356104323.193657, 56
356104354.049346, 56
356104385.095068, 56
356104416.207094, 56
356104447.528296, 56
356104478.751568, 56
356104509.854162, 56
356104541.218642, 56
new stimulus
356140209.469294, 56
new stimulus
356170103.078855, 56
356170607.679202, 56
356170638.212804, 56
356170669.279887, 56
356170700.609967, 56
356170731.548882, 56
356170763.437411, 56
356170793.177864, 56
356170825.22813, 56
356170856.257762, 56
356170903.076302, 56
new stimulus
356199622.803686, 56
356200122.963342, 56
356200153.680874, 56
356200184.476362, 56
356200217.275112, 56
356200247.699964, 56
new stimulus
356248632.946228, 56
356249137.802081, 56
356249168.238307, 56
356249199.265719, 56
356249230.824117, 56
356249261.550804, 56
356249292.637862, 56
356249324.005116, 56
356249355.222285, 56
356249386.33986, 56
356249433.129271, 56
356249464.507622, 56
356249495.670416, 56
356249527.33035, 56
356249558.03623, 56
356249589.247296, 56
356249620.562949, 56
356249653.681568, 56
356249699.02783, 56
356249729.571696, 56
356249760.727, 56
356249791.966085, 56
356249823.098086, 56
356249854.296112, 56
356249885.513559, 56
356249916.642507, 56
356249947.966206, 56
356249995.012787, 56
356250026.02078, 56
356250057.1636, 56
356250088.241226, 56
356250120.330331, 56
356250150.787087, 56
356250181.9091, 56
356250213.168992, 56
356250244.580356, 56
356250291.282934, 56
356250322.30674, 56
356250353.610464, 56
356250384.868137, 56
356250416.115545, 56
356250447.19317, 56
356250478.238338, 56
356250509.552882, 56
356250556.240479, 56
new stimulus
356282837.719881, 50
356283348.202681, 50
356283378.798147, 50
356283409.886592, 50
356283441.235814, 50
356283472.09178, 50
356283503.230161, 50
356283534.578273, 50
356283565.69335, 50
new stimulus
356316182.324678, 50
new stimulus
356337469.663506, 56
356343215.472148, 56
356343719.914087, 56
356345671.075639, 56
