new stimulus
new stimulus
355153445.4296, 56
355153944.230444, 56
355153975.686195, 56
new stimulus
355189398.936475, 56
355189902.514246, 56
355189932.359564, 56
355189964.679484, 56
355189992.00498, 56
355190027.239494, 56
355190055.787865, 56
355190088.011798, 56
355190117.716463, 56
355190149.451578, 56
355190196.827181, 56
355190226.894159, 56
355190258.035037, 56
355190289.153167, 56
355190320.392252, 56
355190352.037483, 56
new stimulus
355231700.803607, 56
new stimulus
355252077.728603, 56
355252580.610045, 56
355252611.843859, 56
355252642.609107, 56
355252673.376576, 56
355252704.417859, 56
355252736.004831, 56
355252766.848035, 56
355252798.145934, 56
355252829.171404, 56
355252876.268754, 56
355252907.197404, 56
355252938.391269, 56
355252969.74271, 56
355253001.449251, 56
355253032.48138, 56
355253064.609047, 56
355253094.851633, 56
355253141.798065, 56
355253172.554436, 56
355253203.991878, 56
355253234.805398, 56
355253266.003979, 56
355253298.323345, 56
355253328.468001, 56
355253359.912379, 56
355253391.830315, 56
355253437.774699, 56
355253468.844557, 56
355253500.074487, 56
355253531.263082, 56
355253562.407289, 56
355253593.627786, 56
355253624.971182, 56
355253656.034105, 56
355253687.307035, 56
355253734.078969, 56
355253765.316944, 56
355253796.470583, 56
355253827.869741, 56
355253859.166253, 56
355253891.013169, 56
355253921.270736, 56
355253952.480969, 56
355255098.237566, 56
new stimulus
355291684.017922, 56
355292188.745051, 56
355292219.300569, 56
355292250.515241, 56
355292281.980703, 56
355292312.641363, 56
355292343.908468, 56
355292373.839232, 56
355292406.150552, 56
355292437.374657, 56
355292484.132164, 56
355292515.758808, 56
355292546.754317, 56
355292577.598908, 56
355292609.033853, 56
355292640.178615, 56
355292671.447662, 56
new stimulus
355325737.537587, 50
355326243.832427, 50
355326273.724629, 50
355326305.032792, 50
355326336.027746, 50
355326367.151146, 50
new stimulus
355365449.526843, 56
355365960.381943, 56
355365991.242902, 56
355366022.299998, 56
355366053.56211, 56
355366086.283737, 56
355366115.907395, 56
355366147.31432, 56
355366179.387336, 56
355366209.489546, 56
new stimulus
new stimulus
355433114.31971, 56
355433619.451043, 56
355433648.426088, 56
355433679.675993, 56
355433710.5081, 56
355433741.452841, 56
355433772.555157, 56
355433803.832804, 56
355433835.061902, 56
355433866.192793, 56
355433912.956681, 56
355433944.567234, 56
355433975.804655, 56
355434006.786015, 56
355434037.766543, 56
355434069.037809, 56
new stimulus
355461624.233795, 56
355462134.524619, 56
355462164.852928, 56
355462195.819031, 56
355462227.72587, 56
355462257.047416, 56
355462289.184515, 56
355462320.365064, 56
355462351.737312, 56
355462382.772492, 56
355462429.581045, 56
355462461.04401, 56
355469573.842894, 56
355470074.562942, 56
355470105.086557, 56
355470136.74122, 56
355470167.380241, 56
355471056.680608, 56
new stimulus
355503124.623434, 50
355503629.816909, 50
355503660.548313, 50
355503691.624274, 50
355503723.237324, 50
new stimulus
355538149.340332, 56
355538651.793157, 56
355538682.387791, 56
355538713.408546, 56
355538744.550533, 56
355538775.756328, 56
355538806.906915, 56
355538838.152936, 56
355538869.209755, 56
355538900.732643, 56
355538947.340897, 56
355538978.657938, 56
355539009.608505, 56
355539040.775183, 56
355539073.486268, 56
355539104.412699, 56
355539136.285138, 56
355539166.064984, 56
355539212.860776, 56
355539243.669858, 56
355539274.83709, 56
new stimulus
355582294.380071, 50
355582800.113132, 50
355582830.362099, 50
355582861.462196, 50
355582892.298187, 50
355582923.292586, 50
355582954.834893, 50
355582987.47163, 50
355583017.193772, 50
355583048.490006, 50
355583095.0941, 50
new stimulus
new stimulus
355647554.578722, 56
355648054.424337, 56
355648084.547354, 56
355648115.554792, 56
355648147.257172, 56
355648177.839877, 56
355648208.958283, 56
355648240.275324, 56
355648271.381247, 56
new stimulus
355678845.127043, 56
355679347.477222, 56
355679378.164516, 56
355679409.070695, 56
355679440.175508, 56
355679471.491161, 56
355679502.614562, 56
355679533.73713, 56
