new stimulus
523788876.549111, 61
523789668.107121, 61
523790466.292131, 61
523791266.675414, 61
523792065.740677, 61
523792869.398066, 61
523793665.667493, 61
523794465.518408, 61
523795265.3524, 61
523796065.406663, 61
523796866.309831, 61
523797666.47312, 61
523798467.362416, 61
523799265.061387, 61
523800065.292089, 61
523800865.25952, 61
523801665.184783, 61
523802465.145279, 61
523803265.131297, 61
523804064.180469, 61
523804865.057836, 61
523805664.998635, 61
523806465.023769, 61
523807264.779806, 61
523808064.474811, 61
523808864.944926, 61
523809664.930944, 61
523810464.899485, 61
523811265.556858, 61
523812065.103999, 61
523812864.928558, 61
new stimulus
523822467.662307, 61
523823264.664122, 61
523824064.011243, 61
523824864.863642, 61
523825664.065672, 61
523826463.609206, 61
523827263.596889, 61
523828063.392874, 61
523828865.560243, 61
523829671.425337, 61
523830466.9191, 61
523831265.093568, 61
523832065.715986, 61
523832864.558758, 61
523833668.73298, 61
523834461.766863, 61
523835263.784425, 61
523836064.149398, 61
523836864.018622, 61
523837666.751372, 61
523838465.15915, 61
523839265.631207, 61
523840065.670767, 61
523840863.805841, 61
523841663.810169, 61
523841837.005721, 55
523842345.339683, 55
523842377.987809, 55
523842407.199537, 55
523842438.421726, 55
523842462.693999, 61
523843263.489805, 61
523844063.618971, 61
523844863.648822, 61
523845663.497795, 61
523846463.384496, 61
new stimulus
523855264.833903, 61
523856063.421726, 61
523856863.317583, 61
523857663.212607, 61
523858463.688826, 61
523859263.598276, 61
523860063.190636, 61
523860863.11257, 61
523861664.500944, 61
523862465.384414, 61
523863263.215714, 61
523864062.954829, 61
523864119.478795, 55
523864622.214152, 55
523864652.565798, 55
523864683.491148, 55
523864714.848162, 55
523864746.528371, 55
523864777.679263, 55
523864809.654091, 55
523864839.561588, 55
523864862.372692, 61
523865512.977688, 55
523865662.572878, 61
523866463.740148, 61
523867263.025959, 61
523868062.908222, 61
523868419.642084, 55
523868862.725015, 61
523869663.075562, 61
523870463.194187, 61
523871262.922482, 61
523872063.103803, 61
523872862.682292, 61
523873662.982072, 61
523874463.129548, 61
523875262.877817, 61
523876062.891577, 61
523876862.94806, 61
523877601.762779, 55
523877662.305445, 61
523878463.055199, 61
523879264.392251, 61
new stimulus
523889664.081763, 61
523890462.979464, 61
523891262.680295, 61
523892062.612771, 61
523892863.133654, 61
523893662.806188, 61
523894463.385883, 61
523895262.810404, 61
523896065.301521, 61
523896862.859008, 61
523897663.220652, 61
523898463.254941, 61
523899262.689449, 61
523900064.66734, 61
523900862.743324, 61
523900996.346938, 55
523901662.753478, 61
523902462.593573, 61
523903264.29987, 61
523904062.544525, 61
523904282.996564, 55
523904791.051997, 55
523904821.905495, 55
523904853.073864, 55
523904862.000672, 61
523905662.377574, 61
523906462.450702, 61
523907262.316597, 61
523908062.038789, 61
523908862.339956, 61
523909662.345671, 61
523910462.304502, 61
523911262.296623, 61
523912062.128396, 61
523912862.659266, 61
523913662.577316, 61
523914462.09394, 61
new stimulus
523923263.789695, 61
523924062.017706, 61
523924863.004931, 61
523925662.168122, 61
523926462.179663, 61
523927261.983139, 61
523928061.776073, 61
523928862.247575, 61
523929662.624755, 61
523930462.503412, 61
523931261.975649, 61
523932061.678976, 61
523932861.967382, 61
523933661.937032, 61
523934462.140824, 61
523935262.091333, 61
523936061.855415, 61
523936862.014543, 61
523937661.920109, 61
523938461.979366, 61
523939261.912397, 61
523940061.719479, 61
523940125.080174, 55
523940640.106884, 55
523940671.650879, 55
523940702.566242, 55
523940734.218708, 55
523940764.019399, 55
523940796.505234, 55
523940828.151597, 55
523940857.457926, 55
523940861.393955, 61
523941661.708161, 61
523942461.584321, 61
523943261.890203, 61
523944061.56135, 61
523944812.783106, 55
523944858.900231, 61
523945659.343991, 61
523946460.300423, 61
523947261.713765, 61
new stimulus
523957664.596376, 61
523958461.586263, 61
523959261.828061, 61
523960061.496989, 61
523960861.525175, 61
523961661.222122, 61
523962461.394843, 61
523963261.282377, 61
523964061.466195, 61
523964861.349013, 61
523965661.161367, 61
523966461.212024, 61
523967261.382803, 61
523968061.273944, 61
523968142.502125, 55
523968656.962621, 55
523968687.438551, 55
523968718.41994, 55
523968749.613831, 55
523968780.978336, 55
523968811.922273, 55
523968843.19301, 55
523968860.548103, 61
523969661.138896, 61
523970461.064991, 61
523971261.31539, 61
523972062.920429, 61
523972861.177291, 61
523973661.237657, 61
523974101.902044, 55
523974460.641094, 61
523975261.241319, 61
523976061.187943, 61
523976861.121252, 61
523977661.007954, 61
523978461.173185, 61
523979260.909525, 61
523980060.976827, 61
523980860.935658, 61
523981661.193825, 61
new stimulus
523991262.585694, 61
523992061.134956, 61
523992860.976439, 61
523993661.318941, 61
523994461.109101, 61
523995260.767486, 61
523996060.735472, 61
523996860.922342, 61
523997660.679211, 61
523998460.974275, 61
523999260.951416, 61
524000060.845608, 61
524000861.058555, 61
524001661.02987, 61
524002460.725152, 61
524003260.835177, 61
524004060.895821, 61
524004860.571129, 61
524005660.653966, 61
524006460.937933, 61
524007261.949294, 61
524008060.593156, 61
524008293.742135, 50
524008795.177781, 50
524008825.801021, 50
524008859.974677, 50
524008861.477181, 61
524009660.840947, 61
524010460.648307, 61
524011260.705899, 61
524012060.476362, 61
524012860.610245, 61
524013660.804328, 61
524014460.607804, 61
524015260.92728, 61
new stimulus
524028063.055532, 61
524028860.552264, 61
524029660.506379, 61
524030460.459662, 61
524031260.520028, 61
524032060.244717, 61
524032715.207975, 55
524032859.982999, 61
524033660.453392, 61
524034460.381429, 61
524035260.38437, 61
524036060.248601, 61
524036860.133083, 61
524037660.290824, 61
524038460.254094, 61
524039260.436525, 61
524040059.997259, 61
524040860.095632, 61
524041645.964321, 55
524041659.48603, 61
524042460.013293, 61
524043260.465099, 61
524043394.903746, 55
524043784.827811, 55
524044059.757013, 61
524044400.813061, 55
524044860.040148, 61
524045660.272237, 61
524046327.715216, 55
524046459.707577, 61
524047260.252318, 61
524048059.766445, 61
524048860.197722, 61
524049665.381474, 61
524050460.109281, 61
524051171.939396, 55
524051259.463614, 61
524052059.82942, 61
524052299.604843, 55
new stimulus
524064061.530279, 61
524064860.021006, 61
524065660.088863, 61
524066459.920358, 61
524067259.833137, 61
524068059.730104, 61
524068859.791302, 61
524069660.08165, 61
524070459.71479, 61
524071259.977395, 61
524072059.957033, 61
524072859.615141, 61
524073659.792856, 61
524074459.80079, 61
524075259.688047, 61
524076059.6896, 61
524076859.757457, 61
524077659.657475, 61
524078459.555829, 61
524079259.713014, 61
524080059.691265, 61
524080859.47116, 61
524081659.70103, 61
524082459.543622, 61
524083259.812886, 61
524084059.744807, 61
524084859.670625, 61
524085659.602546, 61
524086459.597719, 61
524087259.492466, 61
524088059.279297, 61
new stimulus
524100061.04313, 61
524100859.417063, 61
524101659.509888, 61
524102459.359415, 61
524103259.272472, 61
524104059.31869, 61
524104859.352702, 61
524105659.195571, 61
524106459.315583, 61
524107259.323517, 61
524108059.168884, 61
524108859.217876, 61
524109410.769373, 55
524109658.902062, 61
524110459.295331, 61
524111259.602601, 61
524112061.75915, 61
524112859.579354, 61
524113659.284068, 61
524113875.856394, 55
524114389.794787, 55
524114420.401936, 55
524114451.681273, 55
524114458.124066, 61
524115259.118782, 61
524116059.277632, 61
524116859.025624, 61
524117658.970029, 61
524118190.049069, 55
524118458.734944, 61
524119259.028343, 61
524119797.670396, 55
524120058.686451, 61
524120858.812843, 61
524121269.189113, 55
524121658.78721, 61
524122186.617666, 55
524122458.67835, 61
524122844.347076, 55
524123258.555342, 61
524123363.246841, 55
524123904.832039, 55
524124058.564109, 61
new stimulus
524134460.284332, 61
524135259.006704, 61
524136058.70809, 61
524136858.732392, 61
524137658.839919, 61
524138458.802912, 61
524139258.785323, 61
524140058.75858, 61
524140858.739327, 61
524141658.551126, 61
524142459.665687, 61
524143258.534813, 61
524144058.659541, 61
524144858.809237, 61
524145658.580255, 61
524146458.739105, 61
524147258.655214, 61
524148058.643174, 61
524148545.41553, 55
524148858.289353, 61
524149658.462629, 61
524150458.596512, 61
524151258.53842, 61
524152058.780774, 61
524152858.289907, 61
524153658.331687, 61
524154458.630634, 61
524155258.670194, 61
524156058.415412, 61
524156858.327636, 61
524157408.17439, 55
524157658.034848, 61
524158136.215796, 55
524158458.031685, 61
524159258.419407, 61
new stimulus
524171260.024557, 61
524172058.233702, 61
524172858.420849, 61
524173658.254009, 61
524174458.311879, 61
524175258.275149, 61
524176058.245076, 61
524176858.129004, 61
524177657.930261, 61
524178234.098308, 55
524178457.49904, 61
524179258.16751, 61
524180058.040896, 61
524180858.199746, 61
524181658.156358, 61
524182458.210621, 61
524182811.340524, 55
524183258.010768, 61
524184058.088057, 61
524184858.034404, 61
524185658.182713, 61
524186458.034459, 61
524187258.051826, 61
524188058.044225, 61
524188857.87683, 61
524189658.013487, 61
524190457.831666, 61
524191257.947794, 61
524192058.03507, 61
524192857.946739, 61
524193657.951067, 61
524194458.065808, 61
524195257.92671, 61
new stimulus
524207259.282182, 61
524208057.752657, 61
524208858.086559, 61
524209657.701944, 61
524210457.891311, 61
524211257.681193, 61
524212057.474127, 61
524212857.815242, 61
524213657.502202, 61
524214457.701001, 61
524215257.591309, 61
524216057.54265, 61
524216857.762533, 61
524217657.369041, 61
524218457.387517, 61
524219257.379361, 61
524219416.976081, 55
524219922.372447, 55
524219954.344224, 55
524219984.066682, 55
524220015.339084, 55
524220046.595118, 55
524220056.522856, 61
524220857.426023, 61
524221657.636473, 61
524222457.491549, 61
524223257.304735, 61
524224057.449992, 61
524224857.302016, 61
524225657.244479, 61
524226457.748717, 61
524227257.513909, 61
524228057.130404, 61
524228857.158868, 61
524229657.279434, 61
524230457.505975, 61
524230894.884881, 55
524231257.324154, 61
new stimulus
524244058.630967, 61
524244857.253468, 61
524245658.214338, 61
524246457.246865, 61
524247257.280045, 61
524248058.284747, 61
524248857.2629, 61
524249657.223118, 61
524250457.041852, 61
524251257.446774, 61
524251596.734826, 55
524252056.987533, 61
524252856.989364, 61
524253656.919621, 61
524253823.229064, 55
524254263.561379, 55
524254456.779691, 61
524255256.765154, 61
524256056.824411, 61
524256856.888384, 61
524257656.935157, 61
524258457.376975, 61
524259257.670929, 61
524260056.975604, 61
524260856.802661, 61
524261657.060828, 61
524262456.951136, 61
524263257.048677, 61
524264056.84383, 61
524264856.837616, 61
524265656.995079, 61
524266457.015497, 61
524267256.980709, 61
524268056.548933, 61
new stimulus
524280859.337721, 61
524281656.634434, 61
524282456.842665, 61
524283256.818418, 61
524284056.752836, 61
524284856.555203, 61
524285656.357569, 61
524286456.510039, 61
524287255.467385, 61
524288056.243217, 61
524288856.705841, 61
524289656.510982, 61
524290456.595207, 61
524291255.673785, 61
524291406.891879, 55
524291915.114041, 55
524291945.976417, 55
524291977.178354, 55
524292008.377239, 55
524292039.665454, 55
524292055.52359, 61
524292855.46217, 61
524293655.176316, 61
524294456.387697, 61
524295256.170644, 61
524296055.938332, 61
524296856.448396, 61
524297656.359511, 61
524298456.283942, 61
524299256.257476, 61
524300055.087487, 61
524300182.796766, 50
524300682.623102, 50
524300713.135928, 50
524300744.293478, 50
524300775.499022, 50
524300806.845217, 50
524300838.048819, 50
524300854.488427, 61
524301653.293192, 61
524302455.397309, 61
524303255.448243, 61
524304054.914654, 61
524304856.438686, 61
new stimulus
524314456.80771, 61
524315256.267741, 61
524316054.989557, 61
524316855.299602, 61
524317655.223755, 61
524318455.085489, 61
524319255.090649, 61
524320055.074448, 61
524320854.973911, 61
524321654.912768, 61
524322455.011418, 61
524323255.151681, 61
524324054.921312, 61
524324854.978904, 61
524325654.698877, 61
524326454.798082, 61
524327254.918372, 61
524328054.673854, 61
524328855.093479, 61
524329654.848129, 61
524330454.819721, 61
524331255.576688, 61
524332055.083603, 61
524332609.439812, 55
524332854.884304, 61
524333654.869768, 61
524334455.142638, 61
524334758.174723, 55
524335255.08621, 61
524336054.704093, 61
524336854.686504, 61
524337501.823478, 55
524337654.097986, 61
524338454.394159, 61
524338615.053675, 55
new stimulus
524348057.929095, 61
524348854.585523, 61
524349654.680567, 61
524350454.792534, 61
524351254.729171, 61
524352054.088499, 61
524352854.472614, 61
524353654.461683, 61
524354454.594179, 61
524355254.577423, 61
524356054.536531, 61
524356854.457356, 61
524357651.510494, 61
524358454.554785, 61
524359254.5691, 61
524360054.253286, 61
524360854.526711, 61
524361654.471393, 61
524362454.399153, 61
524363254.456468, 61
524364054.030795, 61
524364433.53498, 55
524364853.830942, 61
524365654.540193, 61
524366454.171669, 61
524367254.212339, 61
524368055.468106, 61
524368854.424343, 61
524369654.459187, 61
524370454.427172, 61
524370524.634028, 55
524371037.377574, 55
524371068.227188, 55
524371099.608616, 55
524371130.612753, 55
524371162.090168, 55
524371194.248092, 55
524371224.659384, 55
524371253.558461, 61
524372053.752821, 61
