new stimulus
522110016.925924, 61
522110811.989131, 61
522111614.330442, 61
522112411.511193, 61
522113211.235049, 61
522114010.846551, 61
522114810.924672, 61
522115612.499195, 61
522116412.213619, 61
522117213.33789, 61
522118010.993029, 61
522118810.800666, 61
522119610.695135, 61
522120410.841224, 61
522121210.585887, 61
522122010.671777, 61
522122810.746846, 61
522123610.806103, 61
522124410.609024, 61
522125210.312907, 61
522126010.64126, 61
522126810.568466, 61
522127610.644368, 61
522128409.276023, 61
522129210.270184, 61
522130010.829906, 61
522130809.550058, 61
522131611.475517, 61
522132410.801831, 61
522133209.467887, 61
522134010.523357, 61
new stimulus
522143619.803376, 61
522144413.909485, 61
522145212.452367, 61
522146011.250196, 61
522146810.825079, 61
522147612.857899, 61
522148409.688546, 61
522149209.877358, 61
522150010.710061, 61
522150623.653127, 55
522150812.294015, 61
522151610.467651, 61
522152412.371471, 61
522153209.035667, 61
522153777.189062, 55
522154010.361067, 61
522154809.947878, 61
522155609.103302, 61
522156408.696216, 61
522157209.079776, 61
522158009.969628, 61
522158808.857064, 61
522159609.149631, 61
522160408.91732, 61
522161209.203506, 61
522162009.158175, 61
522162809.190522, 61
522163608.914379, 61
522164409.080442, 61
522165208.906944, 61
522166008.734833, 61
522166809.849117, 61
522167608.821998, 61
new stimulus
522176410.213979, 61
522177208.476944, 61
522178009.392317, 61
522178808.773838, 61
522179608.545966, 61
522180408.594126, 61
522181206.808542, 61
522182005.310088, 61
522182809.576968, 61
522183610.801664, 61
522184408.426287, 61
522185208.746596, 61
522186008.71902, 61
522186809.969794, 61
522187344.424753, 50
522187608.77123, 61
522188408.431003, 61
522189208.296898, 61
522190009.29855, 61
522190808.396825, 61
522191609.01536, 61
522192408.64739, 61
522193208.638679, 61
522194008.540084, 61
522194808.286412, 61
522195285.08914, 55
522195608.35094, 61
522196408.530597, 61
522197208.12684, 61
522198008.583917, 61
522198464.175697, 55
522198808.057541, 61
522199608.51323, 61
522200408.352216, 61
new stimulus
522210808.001225, 61
522211609.059192, 61
522212408.953662, 61
522213208.627305, 61
522214008.672414, 61
522214809.775323, 61
522215608.903282, 61
522216408.413248, 61
522217207.892698, 61
522218008.169729, 61
522218809.255439, 61
522219608.647224, 61
522220408.640732, 61
522221208.000337, 61
522222008.084007, 61
522222807.70605, 61
522223608.710198, 61
522224408.153306, 61
522225208.100763, 61
522226006.063282, 61
522226809.855497, 61
522227608.261056, 61
522228407.94219, 61
522229208.56655, 61
522230007.993568, 61
522230807.826728, 61
522231607.900688, 61
522231645.243862, 55
522232155.260374, 55
522232185.798169, 55
522232217.011758, 55
522232248.400676, 55
522232279.419793, 55
522232310.736304, 55
522232342.027571, 55
522232372.975114, 55
522232406.620008, 55
522232408.418242, 61
522233208.001724, 61
522234007.692845, 61
522234807.402831, 61
522235607.716758, 61
new stimulus
522244409.238849, 61
522245207.668543, 61
522246008.160574, 61
522246807.594805, 61
522247607.790552, 61
522248407.461699, 61
522249207.834995, 61
522250007.774406, 61
522250807.615611, 61
522251607.472352, 61
522252407.560183, 61
522253207.35811, 61
522254007.253412, 61
522254807.559295, 61
522255607.23821, 61
522256407.405938, 61
522257207.188052, 61
522258007.158812, 61
522258807.348456, 61
522259607.122803, 61
522260407.398447, 61
522261209.005705, 61
522262008.806407, 61
522262808.633186, 61
522263607.713429, 61
522264407.497486, 61
522265208.666144, 61
522266008.970917, 61
522266806.931495, 61
522267606.900313, 61
522268407.221454, 61
new stimulus
522278808.483102, 61
522279607.330313, 61
522280407.011447, 61
522281206.999684, 61
522282006.930218, 61
522282807.235546, 61
522283606.821803, 61
522284406.900479, 61
522285207.24631, 61
522286006.83867, 61
522286806.829682, 61
522287606.736358, 61
522288407.027537, 61
522289206.609078, 61
522290006.571515, 61
522290806.774475, 61
522291606.877842, 61
522292406.90575, 61
522293206.795781, 61
522294006.759883, 61
522294806.448507, 61
522295606.608745, 61
522296406.87246, 61
522296812.11619, 55
522297206.333322, 61
522298006.568741, 61
522298806.483739, 61
522299606.973829, 61
522300406.673272, 61
522301207.146994, 61
522302006.686089, 61
522302806.46321, 61
new stimulus
522312409.024404, 61
522313206.627665, 61
522314006.448618, 61
522314806.505101, 61
522315606.372938, 61
522316408.06897, 61
522317206.112496, 61
522318006.187011, 61
522318806.209371, 61
522319606.253093, 61
522320406.816976, 61
522321206.525297, 61
522322006.375657, 61
522322806.29121, 61
522323606.191228, 61
522324406.196111, 61
522325206.093354, 61
522326006.15816, 61
522326806.120042, 61
522327606.170977, 61
522328406.169478, 61
522329207.533995, 61
522330006.224463, 61
522330806.631327, 61
522331477.389193, 50
522331605.753737, 61
522332406.291266, 61
522333206.237058, 61
522334005.869089, 61
522334806.0837, 61
522335605.912976, 61
522336405.92091, 61
new stimulus
522349207.426356, 61
522350006.11294, 61
522350805.955255, 61
522351605.974286, 61
522352406.003027, 61
522353206.0154, 61
522354005.772824, 61
522354805.869255, 61
522355605.78037, 61
522356405.883181, 61
522357205.826754, 61
522358005.766721, 61
522358806.179133, 61
522359222.684988, 55
522359605.20084, 61
522360405.908149, 61
522361205.729657, 61
522362005.483753, 61
522362805.727494, 61
522363605.488802, 61
522364405.77471, 61
522365205.690541, 61
522366005.488191, 61
522366221.358368, 55
522366805.362964, 61
522367605.681886, 61
522368405.54473, 61
522369202.896648, 61
522370005.696811, 61
522370805.828197, 61
522371605.557879, 61
522372405.709794, 61
522373205.439477, 61
new stimulus
522385206.969168, 61
522386005.181088, 61
522386805.6021, 61
522387605.560653, 61
522388405.625736, 61
522389205.171212, 61
522390005.265978, 61
522390805.221203, 61
522391605.462447, 61
522392405.333336, 61
522393205.250831, 61
522394004.900062, 61
522394805.201783, 61
522395605.133705, 61
522396405.280904, 61
522397205.259986, 61
522398005.181643, 61
522398805.494739, 61
522399605.234131, 61
522400405.108626, 61
522401205.096586, 61
522402005.210494, 61
522402804.968751, 61
522403605.31486, 61
522404405.348316, 61
522405210.370332, 61
522406004.95832, 61
522406805.417338, 61
522407605.300989, 61
522408405.062019, 61
522409204.735663, 61
new stimulus
522421206.313348, 61
522422005.040436, 61
522422804.937403, 61
522423604.971692, 61
522424404.680567, 61
522425204.738437, 61
522426004.687281, 61
522426804.699377, 61
522427604.677904, 61
522428404.67058, 61
522429204.722624, 61
522430005.03683, 61
522430804.600615, 61
522431604.711195, 61
522432404.793477, 61
522433204.573095, 61
522434004.596287, 61
522434804.349828, 61
522435604.526156, 61
522436404.525212, 61
522437204.436605, 61
522438004.236474, 61
522438804.356763, 61
522439604.525878, 61
522440404.388722, 61
522440760.761106, 55
522441204.463792, 61
522442004.598784, 61
522442804.600615, 61
522443604.68484, 61
522444404.381787, 61
522445204.280695, 61
new stimulus
522455605.870254, 61
522456404.602058, 61
522457204.236308, 61
522458004.232035, 61
522458804.195583, 61
522459604.728672, 61
522460406.404453, 61
522461204.831928, 61
522462003.956558, 61
522462804.036621, 61
522463604.402704, 61
522464403.975644, 61
522465204.130888, 61
522466003.950177, 61
522466803.954227, 61
522467604.207123, 61
522468404.508845, 61
522469204.024914, 61
522469960.886333, 55
522470003.434732, 61
522470803.930369, 61
522471604.083671, 61
522472404.248348, 61
522473203.890643, 61
522474003.901351, 61
522474803.75504, 61
522475604.286743, 61
522476403.867173, 61
522477203.704217, 61
522478004.134939, 61
522478804.016924, 61
522479604.11502, 61
522480404.17067, 61
522480429.025524, 55
new stimulus
522492405.401858, 61
522493203.867894, 61
522494003.908842, 61
522494803.991402, 61
522495603.985465, 61
522496403.580876, 61
522497203.465636, 61
522498003.638912, 61
522498803.747272, 61
522499603.808194, 61
522500403.667154, 61
522501203.449546, 61
522502003.659164, 61
522502803.628259, 61
522503603.740781, 61
522504403.486831, 61
522505203.250358, 61
522506003.691622, 61
522506803.681247, 61
522506917.160011, 55
522507603.167909, 61
522508101.28534, 55
522508403.199979, 61
522509203.324152, 61
522510003.631422, 61
522510803.342795, 61
522511603.385129, 61
522512404.000057, 61
522513203.423468, 61
522514003.575106, 61
522514803.605234, 61
522515603.87311, 61
522516403.52345, 61
new stimulus
522528404.803742, 61
522529203.284481, 61
522530003.286312, 61
522530803.036246, 61
522531603.220619, 61
522532403.184166, 61
522533202.799552, 61
522534002.883499, 61
522534803.841595, 61
522534805.507777, 55
522535306.059287, 55
522535336.836218, 55
522535366.023256, 55
522535398.043581, 55
522535430.026454, 55
522535461.36294, 55
522535492.440315, 55
522535523.72104, 55
522535554.798693, 55
522535603.122413, 55
522535604.432665, 61
522536403.114534, 61
522537202.820358, 61
522538003.158144, 61
522538803.03264, 61
522539602.951245, 61
522540403.191934, 61
522541202.512977, 61
522542002.915125, 61
522542802.907523, 61
522543603.035025, 61
522544402.966114, 61
522545202.421984, 61
522546002.974215, 61
522546802.84011, 61
522547602.922948, 61
522548403.088179, 61
522549202.490229, 61
522550002.943699, 61
522550802.804601, 61
522551602.899922, 61
522552402.923947, 61
new stimulus
522565205.01447, 61
522566003.359273, 61
522566802.98853, 61
522567602.580057, 61
522568402.510314, 61
522569203.756927, 61
522570002.641589, 61
522570802.481962, 61
522571602.534838, 61
522572402.623224, 61
522573202.228067, 61
522574002.229621, 61
522574802.632046, 61
522575602.52596, 61
522576402.734746, 61
522577202.530455, 61
522578002.33615, 61
522578802.599865, 61
522579602.474638, 61
522580402.647359, 61
522581202.3149, 61
522582002.62855, 61
522582184.867149, 50
522582697.905315, 50
522582728.653949, 50
522582759.688047, 50
522582790.949074, 50
522582801.566477, 61
522583602.382812, 61
522584402.450946, 61
522585202.11377, 61
522586002.540331, 61
522586802.391523, 61
522587602.241883, 61
522588402.283385, 61
522589200.969415, 61
new stimulus
522602003.67137, 61
522602802.216194, 61
522603602.312625, 61
522604402.462875, 61
522605202.068274, 61
522606000.781491, 61
522606801.953477, 61
522607602.089857, 61
522608402.040643, 61
522609201.765609, 61
522610001.496956, 61
522610801.873858, 61
522611601.919799, 61
522612402.098901, 61
522613200.995215, 61
522614002.61357, 61
522614802.685865, 61
522615601.034275, 61
522616179.262441, 55
522616400.834145, 61
522617200.781324, 61
522618000.938787, 61
522618801.853329, 61
522619600.226152, 61
522620400.881306, 61
522621200.818498, 61
522622000.701316, 61
522622800.837696, 61
522623600.967972, 61
522624400.748422, 61
522624575.882582, 55
522625082.225504, 55
522625113.546177, 55
522625144.367494, 55
522625175.51367, 55
522625199.883872, 61
522626000.851678, 61
new stimulus
522635602.13785, 61
522636400.722622, 61
522637200.75386, 61
522638000.473277, 61
522638800.758631, 61
522639600.478326, 61
522640400.214112, 61
522641200.38933, 61
522642000.455522, 61
522642800.58996, 61
522643600.470559, 61
522644400.416073, 61
522645200.353266, 61
522646000.473555, 61
522646800.428779, 61
522647600.369578, 61
522648400.398041, 61
522649200.216775, 61
522650000.700207, 61
522650800.285076, 61
522651599.421358, 55
522651600.751307, 61
522652400.426061, 61
522653200.486427, 61
522654000.332626, 61
522654800.179934, 61
522655600.383449, 61
522656400.455744, 61
522657200.617647, 61
522658000.091825, 61
522658800.146089, 61
522659600.297171, 61
new stimulus
522669205.956032, 61
522670000.177548, 61
522670800.060366, 61
522671600.151249, 61
522672400.115905, 61
522673199.80453, 61
522673999.884316, 61
522674800.005992, 61
522675599.838319, 61
522676399.971092, 61
522677200.036175, 61
522677999.74949, 61
522678800.03956, 61
522679600.032236, 61
522680399.986905, 61
522681199.863897, 61
522681999.768632, 61
522682800.152747, 61
522683599.925984, 61
522683648.199491, 55
522684158.892074, 55
522684189.826856, 55
522684221.030458, 55
522684252.390524, 55
522684283.331132, 55
522684314.38992, 55
522684345.653445, 55
522684376.783253, 55
522684398.896646, 61
522685199.694394, 61
522685999.991122, 61
522686799.847863, 61
522687599.868003, 61
522688400.449086, 61
522689201.027673, 61
522689999.695948, 61
522690799.748269, 61
522691599.922932, 61
522692399.869002, 61
522693199.433897, 61
522693999.675696, 61
