new stimulus
524499437.020202, 61
524500228.8462, 61
524501027.111107, 61
524501827.648081, 61
524502626.405685, 61
524503429.879422, 61
524504226.158837, 61
524505026.371784, 61
524505826.008808, 61
524506626.181807, 61
524507428.348898, 61
524508227.059618, 61
524509027.803269, 61
524509825.736659, 61
524510625.952936, 61
524511425.989444, 61
524512225.852288, 61
524513025.868822, 61
524513825.781879, 61
524514625.900781, 61
524515425.711192, 61
524516225.668081, 61
524517025.281802, 61
524517825.836253, 61
524518625.778994, 61
524519425.480102, 61
524520225.591514, 61
524521025.569486, 61
524521825.777718, 61
524522625.675516, 61
524523425.485095, 61
new stimulus
524533028.321489, 61
524533826.483196, 61
524534625.847794, 61
524535425.533366, 61
524536226.145243, 61
524537024.892305, 61
524537825.094156, 61
524538625.402813, 61
524539426.248277, 61
524540227.838335, 61
524541024.914776, 61
524541825.050046, 61
524542625.056593, 61
524543425.78027, 61
524544225.825101, 61
524544357.230442, 55
524544869.807814, 55
524544900.224099, 55
524544932.068817, 55
524544962.900954, 55
524544993.857375, 55
524545024.278653, 61
524545824.824504, 61
524546625.26438, 61
524547422.247886, 61
524548222.016407, 61
524549023.604523, 61
524549040.804539, 55
524549549.783779, 55
524549580.205612, 55
524549611.332646, 55
524549642.427221, 55
524549673.596978, 55
524549704.893792, 55
524549736.228891, 55
524549767.512667, 55
524549799.864785, 55
524549824.570387, 61
524550627.060395, 61
524551426.27269, 61
524552225.730223, 61
524553025.338951, 61
524553825.019252, 61
524554627.628828, 61
524555425.221824, 61
524556225.826765, 61
524557025.126725, 61
new stimulus
524565826.716506, 61
524566624.990845, 61
524567425.018476, 61
524568224.94679, 61
524569024.784389, 61
524569825.000943, 61
524570624.785277, 61
524571424.810966, 61
524572224.589197, 61
524573025.308157, 61
524573823.9326, 61
524574624.83438, 61
524575424.734121, 61
524576224.713203, 61
524577023.466091, 61
524577074.693007, 55
524577824.866394, 61
524578082.826395, 55
524578624.24847, 61
524578737.76524, 55
524579424.231436, 61
524580224.530661, 61
524581024.386292, 61
524581824.444439, 61
524582624.644902, 61
524583424.380411, 61
524584224.513738, 61
524584712.240973, 55
524585024.220672, 61
524585824.29602, 61
524586624.594967, 61
524587424.332417, 61
524588224.851081, 61
524589024.334414, 61
524589824.512407, 61
new stimulus
524600224.289861, 61
524601025.490699, 61
524601825.827653, 61
524602623.787953, 61
524603424.189823, 61
524604226.185469, 61
524605024.304176, 61
524605824.026922, 61
524606624.606341, 61
524607422.947816, 61
524607574.391452, 55
524608224.241867, 61
524608250.211393, 55
524608981.88228, 55
524609022.53951, 61
524609822.864257, 61
524610622.806443, 61
524611423.955126, 61
524612223.123589, 61
524612685.621175, 55
524613024.144105, 61
524613823.125864, 61
524614624.892361, 61
524615425.035676, 61
524616223.022886, 61
524616506.35707, 55
524617023.393685, 61
524617822.505276, 61
524618622.920462, 61
524619422.886506, 61
524620222.994866, 61
524621022.778645, 61
524621822.549663, 61
524622622.743746, 61
524623422.9173, 61
524624223.564131, 61
524625022.862149, 61
new stimulus
524633824.239981, 61
524634622.910198, 61
524635422.922293, 61
524636223.019002, 61
524637022.56309, 61
524637822.586283, 61
524638622.576184, 61
524639422.471486, 61
524640222.816485, 61
524641022.378329, 61
524641717.179319, 55
524641821.648882, 61
524642622.2283, 61
524643422.541951, 61
524644222.570414, 61
524645022.503168, 61
524645822.252824, 61
524646622.744856, 61
524647422.371615, 61
524648222.248885, 61
524649022.451568, 61
524649822.455895, 61
524650622.506552, 61
524651422.460112, 61
524652221.98173, 61
524653022.521477, 61
524653090.639086, 55
524653821.935734, 61
524654622.516539, 61
524655422.278125, 61
524656222.51715, 61
524656392.932957, 55
524657022.479864, 61
524657822.132147, 61
new stimulus
524668233.060481, 61
524669022.397193, 61
524669822.327173, 61
524670622.149236, 61
524671422.303925, 61
524672222.011136, 61
524673022.013245, 61
524673821.974295, 61
524674622.259371, 61
524675422.477867, 61
524676222.271911, 61
524677022.155006, 61
524677821.948772, 61
524678443.82475, 55
524678621.509229, 61
524679422.075331, 61
524680222.996808, 61
524681021.946941, 61
524681822.18985, 61
524682621.777216, 61
524683422.007918, 61
524684222.29244, 61
524685021.807399, 61
524685821.964585, 61
524686571.000275, 55
524686620.989344, 61
524687421.888073, 61
524688221.799465, 61
524689021.729167, 61
524689821.676346, 61
524690623.372656, 61
524691421.882802, 61
524691716.967648, 55
524692221.578639, 61
524692299.106597, 55
new stimulus
524701823.113935, 61
524702621.48759, 61
524703421.809841, 61
524704221.679065, 61
524705021.476715, 61
524705821.403643, 61
524706621.370242, 61
524707421.548234, 61
524708221.391936, 61
524709021.323857, 61
524709821.632791, 61
524710621.40159, 61
524711421.559331, 61
524712221.639117, 61
524712450.790756, 55
524713021.11496, 61
524713821.570927, 61
524714621.503403, 61
524715421.399814, 61
524716221.304826, 61
524717020.868057, 61
524717821.56954, 61
524718622.926288, 61
524719421.557111, 61
524720002.217969, 55
524720221.114239, 61
524721021.26116, 61
524721821.45774, 61
524722621.016809, 61
524723421.39926, 61
524724221.257387, 61
524725021.092489, 61
524725821.177268, 61
new stimulus
524738623.908908, 61
524739421.332679, 61
524740221.210503, 61
524741021.109412, 61
524741820.920655, 61
524742620.921654, 61
524743421.351266, 61
524744220.763025, 61
524745020.911889, 61
524745821.007488, 61
524746620.962435, 61
524747420.905175, 61
524748220.917548, 61
524749020.780392, 61
524749820.871829, 61
524750620.872273, 61
524751420.915717, 61
524752218.18552, 61
524753021.06447, 61
524753820.668481, 61
524754620.96937, 61
524755420.885756, 61
524756221.217439, 61
524757021.012037, 61
524757820.880984, 61
524758620.810131, 61
524759420.698775, 61
524760220.805748, 61
524761020.836431, 61
524761820.756978, 61
524762620.531879, 61
new stimulus
524774622.1251, 61
524775420.69073, 61
524776220.649283, 61
524777020.418637, 61
524777820.928146, 61
524778620.380963, 61
524779420.544807, 61
524780220.570774, 61
524781020.178669, 61
524781820.553074, 61
524782625.521271, 61
524783420.364762, 61
524784220.401825, 61
524785020.075746, 61
524785820.45459, 61
524786620.306892, 61
524787420.461581, 61
524788220.301677, 61
524789020.02803, 61
524789820.21379, 61
524790620.422299, 61
524791420.360601, 61
524792220.259509, 61
524793019.824681, 61
524793820.309777, 61
524794620.590415, 61
524795422.167712, 61
524796014.505438, 55
524796220.015934, 61
524797019.72481, 61
524797820.201861, 61
524798620.215344, 61
new stimulus
524810621.783319, 61
524811420.155033, 61
524812220.09056, 61
524813020.18283, 61
524813819.990745, 61
524814619.955956, 61
524815419.780794, 61
524816219.791502, 61
524817019.609126, 61
524817819.770751, 61
524818619.83944, 61
524819419.787452, 61
524820220.135502, 61
524821019.659617, 61
524821028.859128, 55
524821819.570731, 61
524822619.563408, 61
524822654.92969, 55
524823419.415987, 61
524824149.55746, 55
524824219.710773, 61
524824673.248261, 55
524825019.357507, 61
524825819.574615, 61
524826033.392997, 55
524826619.442175, 61
524827419.496716, 61
524828047.61297, 55
524828219.360392, 61
524829019.573339, 61
524829396.440096, 55
524829819.210363, 61
524829930.014525, 55
524830619.613343, 61
524831069.149886, 55
524831419.261742, 61
524831485.975052, 55
524832219.440844, 61
524833019.389687, 61
524833820.186048, 61
524834619.556195, 61
new stimulus
524845020.934637, 61
524845819.688357, 61
524846619.501543, 61
524847419.489226, 61
524848220.546083, 61
524849019.308126, 61
524849819.309402, 61
524850619.521517, 61
524851419.48118, 61
524852219.25525, 61
524853019.20881, 61
524853819.177628, 61
524854619.171136, 61
524855419.395735, 61
524856219.369547, 61
524857019.370823, 61
524857819.172357, 61
524858619.296807, 61
524859419.215135, 61
524859532.575164, 55
524860047.309473, 55
524860078.156036, 55
524860109.217876, 55
524860141.302007, 55
524860171.787647, 55
524860203.112758, 55
524860218.982546, 61
524861018.866197, 61
524861819.103834, 61
524862619.23522, 61
524863420.001897, 61
524864219.065772, 61
524865019.00241, 61
524865138.368295, 55
524865728.751878, 55
524865818.687705, 61
524866276.973784, 55
524866618.609639, 61
524866757.260625, 55
524867248.615676, 55
524867418.699135, 61
524867702.25359, 55
524868167.251282, 55
524868219.111824, 61
524868587.578315, 55
524868998.293037, 55
524869018.346867, 61
524869322.744967, 55
524869688.351262, 55
524869818.621679, 61
new stimulus
524881820.49759, 61
524882619.007736, 61
524883419.057283, 61
524884219.042469, 61
524885019.073984, 61
524885818.909086, 61
524886618.879846, 61
524887418.61896, 61
524888218.881566, 61
524889018.604867, 61
524889176.209161, 55
524889687.360319, 55
524889717.877029, 55
524889748.933599, 55
524889780.32862, 55
524889811.447331, 55
524889817.588846, 61
524890618.981104, 61
524891418.836735, 61
524892218.737862, 61
524893019.010455, 61
524893818.783137, 61
524894618.704517, 61
524895418.881399, 61
524896218.47681, 61
524897018.707513, 61
524897819.740235, 61
524898618.939491, 61
524899418.666954, 61
524900218.367785, 61
524901018.453119, 61
524901818.582563, 61
524902618.942543, 61
524903418.640599, 61
524904218.487352, 61
524905018.5369, 61
524905818.20333, 61
new stimulus
524917819.885048, 61
524918618.645981, 61
524919418.345979, 61
524920218.33921, 61
524921018.213983, 61
524921818.553989, 61
524922618.333329, 61
524923418.507438, 61
524924218.360849, 61
524925018.512487, 61
524925818.265472, 61
524926618.222916, 61
524926864.578177, 55
524927374.055108, 55
524927406.962344, 55
524927417.593618, 61
524928218.211043, 61
524929018.071944, 61
524929818.100685, 61
524930618.250936, 61
524931191.319929, 55
524931418.810103, 61
524932217.784649, 61
524932500.828652, 55
524933017.788699, 61
524933817.94422, 61
524934618.125819, 61
524934866.746212, 55
524935417.992547, 61
524936218.029333, 61
524936847.890001, 55
524937017.494357, 61
524937818.004143, 61
524938336.650069, 55
524938618.267303, 61
524939417.963973, 61
524940217.920584, 61
524941017.819215, 61
524941817.864324, 61
new stimulus
524954619.630266, 61
524955417.953431, 61
524956218.679882, 61
524957017.873312, 61
524957817.623523, 61
524958618.98582, 61
524959417.958424, 61
524960217.663694, 61
524961017.770944, 61
524961817.794691, 61
524962617.868096, 61
524963417.808895, 61
524964217.235913, 61
524964501.313026, 55
524965017.238299, 61
524965817.562491, 61
524966617.610651, 61
524966849.19859, 55
524967417.112572, 61
524968217.885907, 61
524969017.868041, 61
524969190.820019, 55
524969817.464284, 61
524970617.650322, 61
524971417.484592, 61
524972217.794913, 61
524972350.723843, 55
524973017.268815, 61
524973817.426833, 61
524974617.372625, 61
524975417.671018, 61
524976217.5297, 61
524977017.394763, 61
524977048.722094, 55
524977817.106413, 61
524978617.485257, 61
new stimulus
524991420.581981, 61
524992217.608765, 61
524993017.093208, 61
524993817.305878, 61
524994617.233083, 61
524995417.366966, 61
524996217.599332, 61
524997017.038556, 61
524997817.042607, 61
524998617.107689, 61
524999417.114791, 61
525000218.004365, 61
525001017.212776, 61
525001817.31753, 61
525002208.072466, 55
525002616.366702, 61
525003417.208837, 61
525004217.083054, 61
525005016.737833, 61
525005817.081723, 61
525006617.165393, 61
525006826.192182, 55
525007416.83321, 61
525008216.644177, 61
525008331.388806, 55
525009016.547524, 61
525009817.265097, 61
525010617.043605, 61
525011416.97414, 61
525012217.121338, 61
525012702.994023, 55
525013016.837705, 61
525013816.949949, 61
525014616.984793, 61
525015416.968591, 61
new stimulus
525025018.245054, 61
525025816.811239, 61
525026616.833599, 61
525027416.832656, 61
525028216.643899, 61
525029016.621317, 61
525029816.808742, 61
525030616.639405, 61
525031416.554404, 61
525032216.500196, 61
525033016.55002, 61
525033816.543251, 61
525034616.667424, 61
525035416.730288, 61
525035613.331454, 55
525036122.281287, 55
525036153.372257, 55
525036184.145303, 55
525036216.832545, 55
525036218.508714, 61
525037016.846027, 61
525037816.453922, 61
525038615.383249, 61
525039416.752204, 61
525040216.516841, 61
525041016.365536, 61
525041816.678632, 61
525042616.220224, 61
525043113.234079, 55
525043416.289745, 61
525043660.793508, 55
525044161.870451, 55
525044215.114762, 61
525044670.166129, 55
525045015.923884, 61
525045186.033698, 55
525045651.994591, 55
525045815.019386, 61
525046125.781768, 55
525046615.146055, 61
525047416.334965, 61
525048216.141492, 61
525049016.225162, 61
new stimulus
525058618.860704, 61
525059416.455642, 61
525060215.488169, 61
525061016.273433, 61
525061645.385069, 55
525061814.780527, 61
525062614.94992, 61
525063415.407274, 61
525064131.681373, 55
525064214.583226, 61
525064749.556128, 55
525065015.593478, 61
525065816.016709, 61
525066616.410811, 61
525067416.449262, 61
525068216.254402, 61
525069015.886433, 61
525069816.306058, 61
525070616.063205, 61
525071372.261868, 55
525071414.661847, 61
525072215.077311, 61
525073015.986859, 61
525073815.130076, 61
525074371.728113, 55
525074614.642261, 61
525075414.834957, 61
525076216.128454, 61
525077015.978814, 61
525077815.993961, 61
525077919.696458, 55
525078615.901191, 61
525079415.160925, 61
525080215.020162, 61
525081014.879122, 61
525081815.072095, 61
525082614.730203, 61
525082618.093084, 55
525083414.82608, 61
