new stimulus
522866305.092203, 61
522867100.235307, 61
522867902.049243, 61
522868698.990581, 61
522869499.127237, 61
522870298.894371, 61
522871098.717544, 61
522871900.406364, 61
522872699.921046, 61
522873500.921865, 61
522874298.946804, 61
522875098.626273, 61
522875898.564298, 61
522876698.192167, 61
522877498.681702, 61
522878298.491836, 61
522879098.456215, 61
522879898.723536, 61
522880698.603025, 61
522881498.337146, 61
522882298.515694, 61
522883098.40517, 61
522883898.367052, 61
522884698.799161, 61
522885498.589876, 61
522886299.526333, 61
522887099.074583, 61
522887899.813518, 61
522888700.989944, 61
522889498.61956, 61
522890298.859417, 61
new stimulus
522899900.816667, 61
522900699.30129, 61
522901498.387914, 61
522902298.353958, 61
522903098.094737, 61
522903897.911252, 61
522904698.480683, 61
522905498.235888, 61
522906298.089022, 61
522907098.00846, 61
522907898.077704, 61
522908698.311457, 61
522909499.749212, 61
522910297.998861, 61
522911097.864479, 61
522911898.618117, 61
522912698.101173, 61
522913497.833075, 61
522914297.81299, 61
522915097.809272, 61
522915897.669342, 61
522916697.81016, 61
522917497.96374, 61
522918297.715893, 61
522919097.562646, 61
522919897.499561, 61
522920697.795179, 61
522921226.32945, 55
522921496.484538, 61
522922297.733093, 61
522923097.854769, 61
522923897.620794, 61
new stimulus
522932701.733428, 61
522933498.412327, 61
522934297.589944, 61
522935097.698027, 61
522935897.769768, 61
522936697.671173, 61
522937497.931004, 61
522938297.723106, 61
522939097.398691, 61
522939897.708458, 61
522940697.584895, 61
522941497.40141, 61
522942297.715061, 61
522943097.37622, 61
522943897.238232, 61
522944697.462276, 61
522945497.455784, 61
522946297.447906, 61
522947097.238343, 61
522947897.469877, 61
522948698.289541, 61
522949497.370894, 61
522950297.367177, 61
522951097.215317, 61
522951785.013127, 50
522951896.816277, 61
522952697.323844, 61
522953497.244668, 61
522954297.568306, 61
522955097.236678, 61
522955897.202445, 61
522956697.152953, 61
new stimulus
522967095.399328, 61
522967896.995767, 61
522968697.039211, 61
522969496.962532, 61
522970297.011802, 61
522971096.742317, 61
522971897.047922, 61
522972696.890237, 61
522973496.893732, 61
522974296.923583, 61
522974840.669047, 55
522975098.091686, 61
522975897.784194, 61
522976699.217232, 61
522977496.762235, 61
522978297.116112, 61
522979096.695988, 61
522979897.102574, 61
522980648.156768, 55
522980696.029126, 61
522981496.683726, 61
522982296.67335, 61
522983096.632181, 61
522983898.558472, 61
522984696.810063, 61
522985497.085984, 61
522986294.5608, 61
522987096.658536, 61
522987896.610154, 61
522988697.03283, 61
522989496.603274, 61
522990296.443924, 61
522991096.382226, 61
522991896.731109, 61
new stimulus
523000699.482445, 61
523001496.869319, 61
523002296.576253, 61
523003096.456852, 61
523003896.236747, 61
523004696.443036, 61
523005496.193803, 61
523006296.03695, 61
523007096.298168, 61
523007896.255334, 61
523008696.139817, 61
523009496.094764, 61
523010296.150137, 61
523011096.701259, 61
523011896.346605, 61
523012696.22221, 61
523013496.259551, 61
523014050.586908, 55
523014295.915995, 61
523015095.546361, 61
523015895.086843, 61
523016694.86868, 61
523017495.193428, 61
523018295.03491, 61
523019095.434838, 61
523019895.95794, 61
523020696.179488, 61
523021495.100492, 61
523022296.061362, 61
523023095.159915, 61
523023895.191708, 61
523024694.924719, 61
new stimulus
523035097.623679, 61
523035894.841327, 61
523036695.115306, 61
523037495.015879, 61
523038294.740845, 61
523039094.718541, 61
523039894.574726, 61
523040694.673099, 61
523041495.058324, 61
523042294.338309, 61
523043095.877877, 61
523043894.834114, 61
523044694.761319, 61
523045494.782292, 61
523046294.934207, 61
523047094.584824, 61
523047894.67321, 61
523048694.809035, 61
523049494.652459, 61
523050294.579664, 61
523050927.353516, 55
523051094.486895, 61
523051894.85381, 61
523052694.779906, 61
523053494.729859, 61
523054294.569122, 61
523055094.410882, 61
523055118.800781, 55
523055625.667194, 55
523055656.343698, 55
523055687.435499, 55
523055718.704017, 55
523055749.915387, 55
523055781.135911, 55
523055812.128673, 55
523055843.589165, 55
523055874.562786, 55
523055893.917519, 61
523056694.222847, 61
523057495.333802, 61
523058294.478684, 61
523058890.074426, 55
523059094.200876, 61
new stimulus
523068696.129552, 61
523069494.534001, 61
523070294.408774, 61
523071094.317115, 61
523071895.997611, 61
523072694.927493, 61
523073494.899918, 61
523074294.340806, 61
523075093.881843, 61
523075894.194384, 61
523076694.206202, 61
523077494.154214, 61
523078294.195716, 61
523079094.08103, 61
523079894.12059, 61
523080694.033925, 61
523081494.116762, 61
523082294.081974, 61
523083094.075759, 61
523083894.467088, 61
523084694.043079, 61
523085473.479518, 55
523085494.051568, 61
523086294.060335, 61
523087094.432244, 61
523087894.249313, 61
523088693.989815, 61
523089494.121201, 61
523090294.049238, 61
523091093.767269, 61
523091894.040416, 61
523092694.145447, 61
new stimulus
523105496.647939, 61
523106293.883619, 61
523107093.918185, 61
523107893.916964, 61
523108693.717666, 61
523109493.809659, 61
523110293.867528, 61
523111093.462662, 61
523111893.906423, 61
523112693.908254, 61
523113493.730594, 61
523114293.67056, 61
523114364.831462, 55
523115093.042649, 61
523115893.581564, 61
523116693.697137, 61
523117493.74391, 61
523118293.663625, 61
523119093.292604, 61
523119893.531629, 61
523120693.638602, 61
523120766.954776, 55
523121493.511155, 61
523121561.782454, 55
523122293.36956, 61
523123093.418275, 61
523123893.449235, 61
523124693.584782, 61
523125493.723104, 61
523126293.283005, 61
523127093.168597, 61
523127893.576293, 61
523128693.449956, 61
523129493.471207, 61
new stimulus
523141494.972047, 61
523142293.407012, 61
523143093.355578, 61
523143893.294435, 61
523144693.201943, 61
523145493.26231, 61
523146293.418386, 61
523147092.911984, 61
523147893.236454, 61
523148693.221085, 61
523149493.091419, 61
523150293.177586, 61
523151092.927242, 61
523151893.230351, 61
523152693.289608, 61
523153493.133032, 61
523154293.469154, 61
523155092.801571, 61
523155893.116886, 61
523156692.960033, 61
523157493.129981, 61
523158293.352083, 61
523159092.783816, 61
523159898.234723, 61
523160693.456337, 61
523161492.906658, 61
523162293.077992, 61
523163093.07261, 61
523163892.866931, 61
523164692.74004, 61
523165493.132755, 61
new stimulus
523177494.497382, 61
523178293.48247, 61
523179094.472192, 61
523179893.728042, 61
523180692.813001, 61
523181492.593451, 61
523182024.361047, 55
523182292.383611, 61
523183092.307487, 61
523183892.674957, 61
523184692.570536, 61
523185492.589567, 61
523186292.678508, 61
523187092.239519, 61
523187620.472789, 55
523187892.274363, 61
523188692.543904, 61
523189492.546012, 61
523190292.54923, 61
523191092.271977, 61
523191441.108258, 55
523191892.533196, 61
523192692.64433, 61
523193492.682225, 61
523194292.460179, 61
523195092.399035, 61
523195892.544292, 61
523196692.434323, 61
523197492.469445, 61
523198075.175994, 55
523198292.100088, 61
523199091.893022, 61
523199892.403641, 61
523200692.50673, 61
523201492.197573, 61
new stimulus
523211894.010177, 61
523212692.328626, 61
523213492.466115, 61
523214293.008637, 61
523215092.076674, 61
523215891.989731, 61
523216692.24762, 61
523217492.142089, 61
523217657.696119, 55
523218249.974477, 55
523218291.488655, 61
523218872.706294, 55
523219091.33097, 61
523219891.940905, 61
523220692.148581, 61
523221492.222818, 61
523222292.208282, 61
523223092.39321, 61
523223892.199182, 61
523224692.057587, 61
523225491.900179, 61
523226291.950559, 61
523227049.926095, 55
523227091.274931, 61
523227892.167002, 61
523228691.984349, 61
523229491.955109, 61
523230292.001604, 61
523231091.87388, 61
523231891.731175, 61
523232691.93802, 61
523233492.014476, 61
523234291.947785, 61
523235091.646951, 61
523235891.997498, 61
523236691.83149, 61
new stimulus
523248693.101795, 61
523249491.669921, 61
523250292.048211, 61
523251091.793428, 61
523251891.637408, 61
523252691.559342, 61
523253492.671683, 61
523254291.890636, 61
523255091.317931, 61
523255892.404195, 61
523256691.402045, 61
523257491.919876, 61
523258291.620984, 61
523259091.47717, 61
523259891.441272, 61
523260691.664484, 61
523261491.53676, 61
523262291.836262, 61
523263091.33957, 61
523263891.276485, 61
523264274.189601, 55
523264691.261393, 61
523265491.365869, 61
523266291.1527, 61
523267091.222221, 61
523267891.582756, 61
523268691.40038, 61
523269491.507076, 61
523270291.268661, 61
523271091.131783, 61
523271891.18133, 61
523272587.261779, 55
523272690.679644, 61
new stimulus
523284692.90122, 61
523285491.305669, 61
523286291.243971, 61
523287091.121241, 61
523287891.395498, 61
523288691.169012, 61
523289490.803262, 61
523290290.850313, 61
523291091.002783, 61
523291890.951349, 61
523292690.810031, 61
523293491.264056, 61
523294291.188765, 61
523295091.013602, 61
523295890.958839, 61
523296691.110477, 61
523297491.143101, 61
523298290.994848, 61
523299090.88155, 61
523299890.870342, 61
523300690.96067, 61
523301490.730856, 61
523302290.960171, 61
523303091.108202, 61
523303890.941084, 61
523304690.730967, 61
523305490.847927, 61
523306290.898029, 61
523307090.761428, 61
523307470.290025, 55
523307890.861188, 61
523308691.059986, 61
new stimulus
523321492.264154, 61
523322290.776797, 61
523323090.64075, 61
523323890.762426, 61
523324690.603631, 61
523325491.937909, 61
523326290.881661, 61
523327090.87295, 61
523327890.498878, 61
523328690.510696, 61
523329490.309455, 61
523330290.380641, 61
523331090.220459, 61
523331890.419536, 61
523332690.409992, 61
523333490.503927, 61
523334290.312396, 61
523335090.18273, 61
523335525.079563, 50
523335890.182897, 61
523336690.653289, 61
523337490.999121, 61
523338290.632261, 61
523339090.307569, 61
523339890.326045, 61
523340185.780969, 50
523340690.338141, 61
523341490.344688, 61
523342287.732671, 61
523342911.529225, 50
523343087.301728, 61
523343887.72274, 61
523344690.401115, 61
523345490.356339, 61
new stimulus
523358292.869373, 61
523359090.254305, 61
523359890.23949, 61
523360690.151715, 61
523361489.970171, 61
523362289.708454, 61
523363089.871465, 61
523363889.922122, 61
523364689.930889, 61
523365490.589372, 61
523366290.087964, 61
523367089.782136, 61
523367520.835044, 55
523367889.634161, 61
523368689.898431, 61
523369489.885281, 61
523370289.803054, 61
523371089.742188, 61
523371889.755671, 61
523372689.71145, 61
523373022.50289, 55
523373489.120435, 61
523373655.311974, 55
523374289.100905, 61
523375089.799059, 61
523375889.711006, 61
523376689.793566, 61
523377489.767378, 61
523378289.834125, 61
523379089.636214, 61
523379889.615019, 61
523380689.645424, 61
523381489.593158, 61
523382289.711505, 61
new stimulus
523391891.200472, 61
523392689.977495, 61
523393489.591216, 61
523394289.814705, 61
523395089.632052, 61
523395889.586722, 61
523396689.340262, 61
523397489.443352, 61
523398289.528408, 61
523399089.384594, 61
523399471.24851, 55
523399889.504051, 61
523400689.691753, 61
523401489.466377, 61
523402289.424653, 61
523403089.155723, 61
523403889.494619, 61
523404689.213482, 61
523405489.358739, 61
523406288.952763, 61
523407089.161549, 61
523407889.254096, 61
523408689.229295, 61
523409489.263306, 61
523410289.509821, 61
523411089.111613, 61
523411889.21387, 61
523412689.330275, 61
523413489.397577, 61
523414289.307305, 61
523415089.156, 61
523415889.310135, 61
new stimulus
523425491.577263, 61
523426289.210486, 61
523427089.111891, 61
523427889.054631, 61
523428689.262585, 61
523429489.078545, 61
523430289.007414, 61
523431088.977897, 61
523431889.021341, 61
523432689.400462, 61
523433489.149287, 61
523433587.289521, 55
523434091.977635, 55
523434122.943488, 55
523434153.888535, 55
523434185.195891, 55
523434216.272989, 55
523434247.799507, 55
523434278.888812, 55
523434288.069459, 61
523435088.822542, 61
523435888.794966, 61
523436688.602881, 61
523437488.814164, 61
523438288.817659, 61
523439088.633619, 61
523439888.563044, 61
523440688.671681, 61
523441488.855777, 61
523442288.932788, 61
523443088.891342, 61
523443888.871257, 61
523444261.333145, 55
523444688.44392, 61
523445490.078365, 61
523446289.027389, 61
523447088.821432, 61
523447889.14396, 61
523448688.64172, 61
523449488.71679, 61
523450288.680337, 61
