new stimulus
new stimulus
new stimulus
955479359.77216, 55
955480817.40991, 55
955481323.769755, 55
955481351.149404, 55
955481382.888703, 55
955481413.163781, 55
955481443.495176, 55
955481477.101786, 55
955481507.243148, 55
955481539.233234, 55
955481815.561741, 54
955482311.314447, 55
955482466.620041, 54
955482974.047951, 54
955483003.625874, 54
955483034.362856, 54
955483065.922664, 54
955483096.691826, 54
955483128.585093, 54
955483159.203062, 54
955483190.395844, 54
955483221.77311, 54
955483268.547164, 54
new stimulus
955525388.680115, 55
955525887.905282, 55
955525919.009567, 55
955525950.055317, 55
955525981.045583, 55
955526014.49767, 55
955526043.254986, 55
955526074.229439, 55
955526105.373673, 55
955526137.184268, 55
955526184.75202, 55
955526214.496394, 55
955526245.734396, 55
955526276.913584, 55
955526308.771896, 55
new stimulus
955550681.804991, 55
955551192.179097, 55
955551221.219935, 55
955551252.359453, 55
955551283.438493, 55
955551314.738914, 55
955551346.027961, 55
955551377.142511, 55
955551408.145261, 55
955551440.148386, 55
955551486.383413, 55
955551517.553725, 55
955551549.273604, 55
955551579.767844, 55
955551610.879065, 55
955551642.179486, 55
955551673.351184, 55
955551704.872986, 55
955551751.388207, 55
955551782.484447, 55
955551813.911372, 55
955551844.822573, 55
955551876.395143, 55
955551907.704164, 55
955551938.89223, 55
955551971.2302, 55
955552001.942769, 55
955552047.713951, 55
955552079.038508, 55
955552110.188567, 55
955552141.518672, 55
955552172.568306, 55
955552203.947791, 55
new stimulus
955587282.769635, 55
955587788.147414, 55
955587818.307917, 55
955587849.477674, 55
955587880.555604, 55
955587911.961445, 55
955587942.91204, 55
955587974.070699, 55
new stimulus
955614819.71277, 50
955615321.386165, 50
955615352.099844, 50
955615383.419684, 50
955615414.204937, 50
955615445.224055, 50
955615476.691482, 50
955615507.624045, 50
955615538.885072, 50
955615570.725907, 50
955615616.920709, 50
955615648.101562, 50
955615679.321254, 50
955615710.52541, 50
955615741.633024, 50
955615772.85882, 50
955615804.184486, 50
955615835.666894, 50
955615882.715871, 50
955615913.227865, 50
955615946.297946, 50
955615976.531966, 50
955616007.509471, 50
955616038.228975, 50
955616069.15488, 50
955616100.558223, 50
955616131.615347, 50
955616179.195305, 50
955616209.617971, 50
955616241.077908, 50
955616274.619602, 50
955616303.76364, 50
955616334.428493, 50
955616365.539991, 50
955616396.816554, 50
955616428.113646, 50
955616474.729016, 50
955616506.247211, 50
955616537.556232, 50
955616568.293492, 50
955616599.544532, 50
955616630.723721, 50
955616661.969213, 50
955616693.120937, 50
955616740.120255, 50
955616771.554393, 50
955616802.440626, 50
955616834.962526, 50
955616865.126359, 50
955616896.693102, 50
955616928.812189, 50
955616960.864139, 50
955616989.489958, 50
955617036.251251, 50
955617067.435988, 50
955617098.760267, 50
955617129.953604, 50
955617161.132793, 50
955617192.188529, 50
955617223.63626, 50
955617254.738604, 50
955617285.877012, 50
955617335.2233, 50
955617364.642261, 50
955617395.502972, 50
955617426.378109, 50
955617457.742614, 50
955617489.025003, 50
955617519.936204, 50
955617551.200283, 50
955617597.931614, 50
955617629.154081, 50
955617660.280005, 50
955617691.589026, 50
955617722.812879, 50
955617754.182377, 50
955617785.067501, 50
955617816.487768, 50
955617848.892319, 50
955617894.633262, 50
955617925.74587, 50
955617957.505143, 50
955617987.941402, 50
955618019.207145, 50
955618050.353044, 50
955618081.500052, 50
955618112.651498, 50
955618652.47952, 50
new stimulus
955663660.298314, 50
955664165.217241, 50
955664196.488811, 50
955664225.972966, 50
955664257.33109, 50
955664288.063633, 50
955664319.689467, 50
955664350.742707, 50
955664381.705231, 50
955664412.947949, 50
955664459.654035, 50
955664491.035185, 50
955664522.067064, 50
955664553.304788, 50
955664584.749467, 50
955664615.817966, 50
955664646.875367, 50
955664678.362491, 50
955664724.962881, 50
955664754.353268, 50
955664785.539115, 50
955664818.600873, 50
955664850.523823, 50
955664881.135689, 50
955664912.039955, 50
955664943.35064, 50
955664974.520674, 50
955665021.293063, 50
955665052.582665, 50
955665083.673634, 50
955665114.932165, 50
955665146.013147, 50
955665177.324942, 50
955665208.909441, 50
955665239.734087, 50
955665272.739529, 50
955665317.78942, 50
955665348.920893, 50
955665380.024068, 50
955665411.22878, 50
955665442.43571, 50
955665473.756106, 50
955665504.884249, 50
955665536.065657, 50
955665582.79033, 50
955665613.963693, 50
955665645.238314, 50
955665677.689472, 50
955665707.771466, 50
955665739.125706, 50
955665770.039404, 50
955665801.135922, 50
955665832.51402, 50
955665879.162958, 50
955665909.522927, 50
955665941.625645, 50
955665972.87835, 50
955666004.088887, 50
955666035.160992, 50
955666066.489709, 50
955666097.621737, 50
955666128.926874, 50
955666175.628244, 50
955666207.036859, 50
955666238.182757, 50
955666269.527288, 50
955666300.371353, 50
955666331.712555, 50
955666362.845692, 50
955666394.831894, 50
955666441.312438, 50
955666472.027781, 50
955666503.45637, 50
955666534.29683, 50
955666565.671876, 50
955666596.698484, 50
955666628.077415, 50
955666659.24301, 50
955667303.047343, 50
new stimulus
new stimulus
new stimulus
955765611.736846, 55
955766108.611437, 55
955766139.458554, 55
955766170.502917, 55
955766201.598602, 55
955766232.707604, 55
955766263.880134, 55
955766295.245471, 55
955766326.275963, 55
955766357.369152, 55
955766694.426751, 55
955767198.670438, 55
955767228.947181, 55
955767260.174641, 55
955767291.371584, 55
955767323.932322, 55
955767353.776568, 55
955767385.125537, 55
955767416.135778, 55
new stimulus
955798167.509005, 55
955798665.544319, 55
955798696.17172, 55
955798727.364502, 55
955798758.327581, 55
955798789.576957, 55
955798820.621042, 55
955798852.104005, 55
955798883.370304, 55
955798914.430479, 55
955798961.234772, 55
955799268.780751, 55
955799791.308332, 55
955800303.516737, 55
955800333.829821, 55
955800365.275333, 55
955800396.262825, 55
955800427.492504, 55
955800458.880867, 55
955800495.399828, 55
955800519.692352, 55
955800552.610407, 55
new stimulus
955833154.750477, 55
955833655.897607, 55
955833686.665937, 55
955833717.70919, 55
955833748.766869, 55
955833779.745761, 55
955833810.930498, 55
955833842.155461, 55
955833873.41843, 55
955833904.635071, 55
955833951.40746, 55
955833982.638804, 55
955834014.309857, 55
955834046.969357, 55
955834076.823035, 55
955834107.423526, 55
955834138.467334, 55
955834170.154755, 55
955834216.917435, 55
955834247.831133, 55
955834279.009489, 55
955834310.260252, 55
955834341.492983, 55
955834372.82281, 55
955834404.087999, 55
955834435.026665, 55
955834466.138163, 55
955834513.012088, 55
955834544.471193, 55
955834575.336343, 55
955834606.566854, 55
955834637.853682, 55
955834669.031761, 55
955834700.117182, 55
955834731.494725, 55
955834762.64423, 55
955834809.370013, 55
955834840.652956, 55
955834871.770558, 55
955834903.368095, 55
955834934.191355, 55
955834966.347338, 55
new stimulus
955859539.85188, 55
955860050.860444, 55
955860081.786349, 55
955860112.759137, 55
955860143.528022, 55
955860174.592914, 55
955860205.787638, 55
955860236.951291, 55
955860268.332719, 55
955860299.351559, 55
955860346.392491, 55
955860377.561415, 55
955860408.694829, 55
955860439.884282, 55
955860471.155852, 55
955860502.336427, 55
955860533.356932, 55
955860565.254083, 55
955860611.618943, 55
955860642.686886, 55
955860673.771197, 55
955860705.145689, 55
955860736.337084, 55
955860767.448583, 55
955860798.749004, 55
955860830.02945, 55
955860861.227226, 55
955860908.223493, 55
955860939.23623, 55
955860970.411535, 55
955861001.607646, 55
955861032.617886, 55
955861063.997372, 55
955861095.017044, 55
955861126.392368, 55
955861157.474183, 55
955861204.176385, 55
955861235.525632, 55
955861266.740608, 55
955861297.826029, 55
955861329.128114, 55
955861360.290935, 55
955861391.513124, 55
955861422.575796, 55
955861469.947412, 55
955861500.874704, 55
955861531.894376, 55
955861563.182313, 55
955861594.230005, 55
955861625.420568, 55
955861656.626943, 55
955861687.903229, 55
955861719.071876, 55
955861765.892259, 55
955861797.078383, 55
955861828.232881, 55
955861859.427883, 55
955861890.889207, 55
955861921.968802, 55
955861953.017326, 55
955861984.18847, 55
955862015.727749, 55
955862338.349819, 55
955863240.711991, 55
new stimulus
955902084.93839, 55
955902591.44388, 55
955902622.30681, 55
955902653.29125, 55
955902684.329787, 55
955902715.422421, 55
955902746.520603, 55
955902777.651798, 55
955902808.911161, 55
955902840.190498, 55
955902887.362372, 55
955902918.376496, 55
955902949.3712, 55
955902980.70297, 55
955903012.047778, 55
955903042.918753, 55
955903074.306562, 55
955903106.258641, 55
955903152.235946, 55
955903183.367419, 55
955903214.536343, 55
955903468.562256, 55
955904491.273489, 55
955909457.538988, 55
new stimulus
955936395.297959, 55
955936895.338185, 55
955937058.315264, 55
955937668.839509, 55
955938174.617882, 55
955938204.94456, 55
955938235.993916, 55
955938267.176711, 55
955938298.42359, 55
955938329.586411, 55
955938360.71511, 55
new stimulus
955964665.549867, 55
955965177.675323, 55
955965208.369028, 55
955965239.661403, 55
955965270.693005, 55
955965301.818374, 55
955965332.946517, 55
955965364.246661, 55
955965395.377024, 55
955965426.792297, 55
955965473.229286, 55
955965504.833204, 55
955965535.945257, 55
955965567.036226, 55
955965598.062556, 55
955965629.373797, 55
955965660.576011, 55
955965692.158291, 55
955965738.710964, 55
955965769.694572, 55
955965800.913986, 55
955966069.927771, 55
955966507.979419, 55
955966854.913433, 55
955967175.809676, 55
955967464.771594, 55
955967810.80455, 55
