new stimulus
new stimulus
384013117.682323, 55
new stimulus
384044241.454596, 55
new stimulus
384091092.752428, 50
384091590.150218, 50
384091624.555987, 50
384091655.859356, 50
384091689.57296, 50
384091720.586146, 50
384091753.241388, 50
new stimulus
384121063.090282, 55
384121561.643809, 55
384121591.990352, 55
384121625.624336, 55
384121657.692555, 55
384121690.768645, 55
384121723.520707, 55
384121756.413144, 55
384121789.307246, 55
384121822.493472, 55
new stimulus
384159431.531631, 55
new stimulus
384191525.544383, 55
384192024.46355, 55
384192042.321704, 55
384192074.968068, 55
384192107.843583, 55
new stimulus
384230455.84038, 55
384230959.581682, 55
new stimulus
new stimulus
384284799.174838, 55
384285286.086386, 55
384285318.444788, 55
384285351.189359, 55
384285384.472683, 55
384285417.291881, 55
384285450.142705, 55
384285483.821354, 55
new stimulus
384334234.596746, 50
384334730.030949, 50
384334762.271169, 50
384334795.175812, 50
384334828.284638, 50
384334861.044745, 50
384334894.070067, 50
384334927.310668, 50
384334959.99393, 50
384334993.204846, 50
384335041.124077, 50
384335071.488375, 50
384335101.692601, 50
384335132.72493, 50
384335164.055209, 50
384335195.313913, 50
384335226.42059, 50
384335258.515441, 50
new stimulus
384358788.621461, 55
384359290.911017, 55
384359321.521388, 55
384359352.430819, 55
384359399.266997, 55
new stimulus
384404616.495238, 55
384405101.464284, 55
384405134.118971, 55
384405166.586676, 55
new stimulus
384429215.698263, 55
384429726.719927, 55
384429757.598564, 55
384429788.356801, 55
384429819.687357, 55
384429850.583472, 55
384429881.574187, 55
384429912.850646, 55
384429944.010866, 55
384429976.170356, 55
384430022.577919, 55
384430053.475698, 55
384430084.468078, 55
384430115.829428, 55
384430146.905866, 55
384430177.917665, 55
384430209.398861, 55
384430241.901522, 55
384430287.726777, 55
384430318.762712, 55
384430349.627756, 55
384430380.966635, 55
384430412.425914, 55
384430445.837961, 55
384430474.850664, 55
384430505.821127, 55
384430537.495131, 55
384430584.032527, 55
384430614.955274, 55
384430645.96735, 55
384430677.119802, 55
384430708.684502, 55
384430740.076923, 55
new stimulus
384462648.752659, 55
384463153.469095, 55
384463183.67998, 55
384463214.850464, 55
384463245.949096, 55
new stimulus
384504169.682974, 55
384504666.53896, 55
384504700.527211, 55
384504733.643804, 55
384504764.621203, 55
384504797.37271, 55
384504830.33589, 55
384504863.791769, 55
384504896.675884, 55
384504929.374404, 55
384504962.335641, 55
384504995.88418, 55
384505043.914656, 55
384505075.008294, 55
384505106.001506, 55
384505137.629181, 55
384505170.022537, 55
384505199.655831, 55
384505230.774992, 55
384505262.067819, 55
384505293.08156, 55
new stimulus
384535480.609649, 55
384535989.15644, 55
384536020.202084, 55
384536051.848623, 55
384536082.105005, 55
384536113.272437, 55
384536144.418508, 55
384536175.370662, 55
384536206.856574, 55
384536237.841463, 55
384536284.77141, 55
384536315.832313, 55
384536347.031649, 55
384536378.280921, 55
