new stimulus
new stimulus
383368445.773322, 55
new stimulus
383390773.739481, 55
383391274.089309, 55
383391305.903688, 55
new stimulus
383421345.548278, 55
383421855.401445, 55
383421886.947834, 55
383421911.743458, 55
383421945.267861, 55
383421975.772812, 55
new stimulus
new stimulus
383499529.088161, 55
383500028.910611, 55
383500046.794842, 55
383500079.716686, 55
383500112.594142, 55
383500145.493793, 55
383500179.208229, 55
383500211.59354, 55
383500244.363634, 55
383500277.547364, 55
383500310.559647, 55
new stimulus
383526501.507783, 55
383527011.974051, 55
383527041.540763, 55
383527061.262077, 55
383527094.244954, 55
new stimulus
383571997.954851, 55
new stimulus
new stimulus
383632563.331361, 55
383633055.666215, 55
383633101.077004, 55
383633132.217249, 55
383633163.37303, 55
383633194.799574, 55
new stimulus
383667134.069035, 55
383667646.336321, 55
383667676.645689, 55
383667708.096369, 55
new stimulus
383708918.716161, 55
383709417.052189, 55
383709447.91002, 55
383709494.416622, 55
383709525.554925, 55
383709556.657718, 55
new stimulus
383737917.051079, 55
383738429.312816, 55
383738459.980613, 55
new stimulus
383780863.866118, 55
383781367.701743, 55
383781398.337359, 55
new stimulus
383809499.702881, 50
383810007.466512, 50
383810039.114715, 50
383810070.109869, 50
383810102.372838, 50
383810132.525187, 50
383810163.755039, 50
383810194.805955, 50
383810225.835231, 50
new stimulus
383842074.874023, 55
383842585.738667, 55
383842616.248056, 55
new stimulus
383889966.563817, 55
383890477.789108, 55
383890507.845192, 55
383890539.143012, 55
