new stimulus
new stimulus
384691050.878759, 55
384691546.293542, 55
new stimulus
384731908.19219, 55
384732418.571625, 55
384732449.168957, 55
384732480.207111, 55
384732512.583268, 55
384732542.78361, 55
384732572.354761, 55
384732603.386257, 55
384732635.912776, 55
384732665.666471, 55
384732713.219505, 55
384732744.418564, 55
384732774.915192, 55
384732805.884546, 55
384732837.158231, 55
384732868.353405, 55
384732900.06819, 55
384732931.455895, 55
384732977.710876, 55
384733009.104684, 55
384733040.430246, 55
384733062.073534, 55
384733094.900777, 55
384733127.835105, 55
384733160.74391, 55
384733191.935201, 55
384733227.370203, 55
384733260.008244, 55
384733292.881262, 55
384733325.772867, 55
384733359.196288, 55
384733391.847924, 55
384733425.036369, 55
384733457.836425, 55
384733490.862302, 55
384733524.162271, 55
384733556.988682, 55
384733589.894713, 55
384733622.907551, 55
384733656.390895, 55
384733689.217306, 55
384733723.110401, 55
384733754.856534, 55
384733787.83192, 55
384733820.745164, 55
384733854.146391, 55
384733886.822995, 55
384733920.416198, 55
384733953.672057, 55
384733994.146968, 55
384734026.238213, 55
384734052.153231, 55
384734084.803757, 55
384734117.835737, 55
384734151.020576, 55
384734184.021763, 55
384734216.983833, 55
384734249.912889, 55
384734282.957908, 55
384734316.384658, 55
384734349.016597, 55
384734382.073545, 55
384734415.178209, 55
384734448.082853, 55
384734482.579339, 55
384734514.812069, 55
384734546.896933, 55
384734579.810454, 55
384734612.819686, 55
384734646.013125, 55
384734678.971588, 55
384734711.814367, 55
384734744.757295, 55
384734777.797875, 55
384734810.800448, 55
384734843.927306, 55
384734877.323818, 55
384734909.903879, 55
384734944.312977, 55
new stimulus
384758927.424965, 55
new stimulus
384796216.816825, 55
384796712.561185, 55
384796742.803973, 55
384796773.952818, 55
384796805.063934, 55
384796836.175882, 55
384796867.753621, 55
384796898.502425, 55
384796930.673844, 55
384796961.012343, 55
384797007.826327, 55
384797039.313626, 55
384797070.260787, 55
384797101.233747, 55
384797133.010674, 55
384797163.77751, 55
384797195.092808, 55
384797226.394235, 55
384797272.871708, 55
new stimulus
384841935.735948, 55
384842432.480133, 55
384842477.68674, 55
384842509.117723, 55
384842539.848494, 55
384842571.252012, 55
384842601.739763, 55
384842632.967673, 55
384842664.920208, 55
384842695.956975, 55
new stimulus
384875575.034927, 55
384876068.575453, 55
384876100.911383, 55
384876131.956196, 55
384876165.249784, 55
384876199.59785, 55
384876232.717218, 55
384876265.659868, 55
384876298.661054, 55
384876331.887506, 55
384876364.798808, 55
384876397.633542, 55
384876430.711296, 55
384876464.022084, 55
384876497.080142, 55
384876531.222916, 55
384876564.531485, 55
384876595.994371, 55
384876628.597458, 55
384876661.454108, 55
384876694.628405, 55
384876727.701998, 55
384876760.567803, 55
384876793.610602, 55
384876826.67615, 55
384876859.579407, 55
384876892.702936, 55
384876925.708283, 55
384876958.576308, 55
384876991.889038, 55
new stimulus
384916243.27975, 50
384916747.896038, 50
384916778.454531, 50
384916809.429433, 50
384916840.632098, 50
384916871.62642, 50
384916902.918414, 50
384916934.090841, 50
384916965.971523, 50
384916993.597675, 50
384917043.915211, 50
384917074.599931, 50
new stimulus
new stimulus
384974218.383422, 55
384974724.901987, 55
384974755.462144, 55
384974786.227039, 55
384974817.508491, 55
384974848.54942, 55
new stimulus
385007025.256975, 55
385007537.517879, 55
385007567.888281, 55
385007598.895087, 55
385007630.066403, 55
385007661.165035, 55
385007692.343565, 55
385007723.58812, 55
385007756.122684, 55
385007786.867327, 55
385007834.349342, 55
385007863.836157, 55
385007895.111506, 55
385007926.13246, 55
385007957.631134, 55
385007989.342312, 55
385008020.564396, 55
new stimulus
new stimulus
385076318.448394, 55
385076823.561543, 55
385076853.981881, 55
385076885.19481, 55
385076916.233519, 55
385076947.329932, 55
385076978.396383, 55
385077009.983277, 55
385077040.946527, 55
385077072.544795, 55
385077114.788266, 55
385077145.835298, 55
385077176.840717, 55
385077208.237576, 55
385077239.174749, 55
385077270.417918, 55
385077318.841223, 55
385077348.508362, 55
385077379.719627, 55
385077411.159487, 55
385077442.099711, 55
385077473.264647, 55
385077504.387415, 55
385077535.735726, 55
385077566.840739, 55
385077613.681911, 55
385077644.828537, 55
385077676.170744, 55
new stimulus
385118770.32304, 50
385119279.71652, 50
385119310.190399, 50
385119341.605014, 50
385119372.572981, 50
385119403.849717, 50
385119435.110086, 50
new stimulus
385150674.89544, 50
new stimulus
385183829.515556, 55
385184332.119708, 55
385184362.671543, 55
385184393.390385, 55
385184426.000408, 55
385184455.584043, 55
385184486.814728, 55
385184518.253201, 55
385184549.201471, 55
385184580.267644, 55
385184627.346289, 55
385184658.363914, 55
385184689.496946, 55
385184720.976755, 55
385184752.068174, 55
new stimulus
385219723.26437, 55
385220229.86838, 55
385220260.437138, 55
385220291.85952, 55
385220322.714576, 55
385220353.960519, 55
385220385.018093, 55
385220432.214087, 55
385220463.040846, 55
