new stimulus
new stimulus
382573413.908453, 55
382576641.487554, 55
382577130.85206, 55
382577162.691961, 55
382577194.536301, 55
382577230.433209, 55
382577261.813979, 55
382577293.020528, 55
382577325.967339, 55
382577358.779047, 55
382577394.439037, 55
382577427.180003, 55
new stimulus
382609944.866155, 55
382610431.511934, 55
382610476.216408, 55
382610507.684565, 55
382610538.956031, 55
382610569.668492, 55
382610600.982403, 55
new stimulus
382632216.930845, 55
382632714.598566, 55
382632746.912857, 55
382632779.79281, 55
382632812.56984, 55
new stimulus
382671481.370615, 50
382671985.221498, 50
382672016.91076, 50
new stimulus
382705385.668368, 55
382705883.214301, 55
382705914.100706, 55
382705945.051195, 55
382705975.998078, 55
382706007.032348, 55
382706038.137916, 55
new stimulus
382741353.893106, 55
382741851.648214, 55
382741882.104894, 55
382751150.76202, 55
382751651.738265, 55
382751684.385184, 55
new stimulus
382781417.34903, 55
new stimulus
new stimulus
new stimulus
382878320.693009, 55
382878819.20936, 55
382878851.332231, 55
new stimulus
382919693.700154, 55
382920198.558075, 55
382920229.266931, 55
new stimulus
382960771.531209, 55
382961274.511267, 55
new stimulus
382991680.611702, 50
382992193.31759, 50
382992223.652204, 50
382992254.707559, 50
382992285.977637, 50
382992316.92452, 50
382992348.261734, 50
new stimulus
383025656.832272, 55
383026156.08268, 55
383026185.093718, 55
383026217.069278, 55
383026248.014219, 55
383033071.745267, 55
new stimulus
383059588.163605, 55
new stimulus
383096425.453611, 55
383096922.62336, 55
383096954.399178, 55
383096987.461951, 55
383097024.78092, 55
383097053.773371, 55
383097084.229496, 55
383097130.916699, 55
383097162.008118, 55
383097193.917375, 55
383097226.0408, 55
383097255.919057, 55
