new stimulus
new stimulus
1349602270.766636, 55
1349608926.369933, 55
new stimulus
1349641936.050544, 50
new stimulus
1349675650.008544, 55
1349676157.200965, 55
1349676187.694264, 55
1349676220.009388, 55
1349676248.986858, 55
1349676281.409344, 55
1349676310.868971, 55
1349676342.926094, 55
1349676373.300379, 55
1349676404.575728, 55
1349676452.108234, 55
1349676483.598585, 55
new stimulus
new stimulus
1349739256.949954, 55
1349739756.721914, 55
1349739787.072896, 55
1349739818.688364, 55
1349739849.087895, 55
1349739880.38627, 55
1349739911.542605, 55
1349739943.241022, 55
1349739974.346312, 55
1349740005.034361, 55
1349740051.970411, 55
1349740083.451607, 55
1349740113.978474, 55
1349740145.725994, 55
1349740176.482843, 55
1349740208.119395, 55
1349740240.218408, 55
new stimulus
1349767290.055451, 55
1349767790.591428, 55
1349767820.425852, 55
1349767850.979352, 55
1349767881.990596, 55
1349767913.509244, 55
1349767944.324629, 55
1349767975.455719, 55
1349768007.529487, 55
1349768037.970076, 55
1349768084.711376, 55
1349768116.60482, 55
1349768147.477354, 55
1349768178.77351, 55
1349768209.73787, 55
1349768240.684753, 55
1349768271.847469, 55
1349768303.195225, 55
1349768349.948455, 55
1349768381.022951, 55
new stimulus
1349810148.098777, 55
1349810657.908666, 55
1349810691.142886, 55
1349810720.037962, 55
1349810749.037348, 55
1349810781.67539, 55
1349810812.652512, 55
1349810844.263541, 55
1349810875.239275, 55
1349810906.401714, 55
1349810953.096963, 55
1349810984.432513, 55
1349811015.637674, 55
1349811046.747958, 55
1349811078.238864, 55
1349811109.042042, 55
1349811140.184784, 55
1349811171.769736, 55
1349811218.727702, 55
1349811249.612165, 55
1349811280.851172, 55
1349811312.106825, 55
1349811343.413523, 55
1349811374.220308, 55
1349811405.581935, 55
1349811436.766845, 55
1349811467.992813, 55
1349811514.618984, 55
1349811546.649196, 55
1349811577.402162, 55
1349811609.679834, 55
1349811639.536174, 55
1349811670.913337, 55
1349811702.596773, 55
1349811733.457932, 55
1349811764.221162, 55
1349811811.008792, 55
1349811842.30467, 55
1349811873.28845, 55
1349811904.678097, 55
1349811935.698774, 55
1349811967.10035, 55
1349811998.102439, 55
1349812029.440763, 55
1349812077.636028, 55
1349812107.567826, 55
1349812138.996312, 55
1349812170.12657, 55
1349812201.051259, 55
1349812232.070271, 55
1349812263.864953, 55
1349812295.104793, 55
1349812325.847494, 55
1349812374.380934, 55
1349812405.532831, 55
1349812435.821394, 55
1349812466.421777, 55
1349812497.268789, 55
1349812528.936134, 55
1349812559.764835, 55
1349812591.347845, 55
1349812622.071681, 55
1349812668.859588, 55
1349812700.154634, 55
1349812732.053349, 55
1349812763.075968, 55
1349812793.981237, 55
1349812826.38042, 55
1349812858.205063, 55
1349812887.462728, 55
1349812934.06726, 55
1349812965.378951, 55
new stimulus
new stimulus
1349876191.401997, 55
1349876691.801206, 55
1349876722.393267, 55
1349876753.391473, 55
1349876784.480395, 55
1349876816.082824, 55
1349876846.840229, 55
1349876878.007661, 55
1349876909.274688, 55
1349876940.373875, 55
1349876987.231692, 55
1349877018.454054, 55
1349877049.693893, 55
1349877080.896281, 55
1349877112.075088, 55
1349877143.313817, 55
1349877174.978943, 55
1349877205.604018, 55
1349877252.399138, 55
1349877283.653681, 55
1349877314.967037, 55
1349877346.087585, 55
1349877377.212572, 55
1349877408.512334, 55
1349877439.52663, 55
1349877470.69656, 55
1349877502.073445, 55
1349877549.192038, 55
1349877582.007352, 55
1349877613.042455, 55
1349877644.091984, 55
1349877673.774381, 55
1349877704.785348, 55
1349877736.422454, 55
1349877767.176529, 55
1349877798.490718, 55
1349877845.325232, 55
1349877876.379199, 55
1349877907.604058, 55
1349877938.957362, 55
new stimulus
1349924583.370322, 55
1349925082.377432, 55
1349925113.538207, 55
1349925144.373566, 55
1349925175.883891, 55
1349925206.391062, 55
1349925237.838967, 55
1349925269.288259, 55
1349925300.703984, 55
1349925331.552104, 55
1349925378.05621, 55
1349925409.400914, 55
1349925440.575282, 55
1349925471.850909, 55
1349925502.730933, 55
1349925533.987695, 55
1349925565.194244, 55
1349925596.739525, 55
1349925643.241133, 55
1349925674.621625, 55
1349925707.329577, 55
1349925736.994497, 55
1349925767.916134, 55
1349925799.338517, 55
1349925830.453517, 55
1349925862.063991, 55
1349925892.872995, 55
1349925939.887001, 55
1349925970.845812, 55
new stimulus
1349950830.986997, 55
1349951337.166831, 55
1349951367.880957, 55
1349951398.833943, 55
1349951429.998047, 55
1349951461.146337, 55
1349951492.394777, 55
1349951523.335833, 55
1349951554.734358, 55
1349951586.137876, 55
1349951633.032868, 55
1349951664.020531, 55
1349951695.085318, 55
1349951726.370377, 55
1349951757.430725, 55
1349951788.503279, 55
1349951819.734796, 55
1349951851.058417, 55
1349951897.789453, 55
1349951929.077286, 55
1349951960.200886, 55
1349951991.606623, 55
1349952022.566267, 55
1349952054.023327, 55
1349952085.571382, 55
1349952117.027332, 55
1349952147.399953, 55
1349952194.208944, 55
1349952225.594707, 55
1349952256.762972, 55
1349952287.82554, 55
1349952319.048456, 55
1349952350.104643, 55
1349952381.540342, 55
1349952412.641471, 55
1349952444.107686, 55
1349952490.717211, 55
1349952521.744546, 55
1349952552.982443, 55
1349952584.451987, 55
1349952615.770615, 55
1349952647.088687, 55
1349952678.119906, 55
1349952709.21826, 55
1349952756.144323, 55
1349952787.087322, 55
1349952818.155715, 55
1349952849.553407, 55
1349952880.821266, 55
1349952911.848324, 55
1349952942.885923, 55
1349952974.175143, 55
1349953005.66161, 55
1349953052.245058, 55
1349953083.427194, 55
1349953114.614323, 55
1349953145.821704, 55
1349953177.887704, 55
1349953208.124389, 55
1349953239.496835, 55
1349953271.350885, 55
1349953301.896062, 55
1349953348.657614, 55
1349953379.70742, 55
1349953411.575064, 55
1349953442.941685, 55
1349953473.506559, 55
1349953504.56219, 55
1349953535.658603, 55
1349953566.898165, 55
new stimulus
new stimulus
1350023428.940795, 55
1350023939.241442, 55
1350023969.539159, 55
1350024000.807018, 55
1350024031.863205, 55
1350024062.934372, 55
1350024093.99361, 55
1350024125.612407, 55
1350024156.385069, 55
1350024187.812445, 55
1350024234.424467, 55
1350024265.592177, 55
1350024296.919127, 55
1350024328.018314, 55
1350024364.649001, 55
1350024388.571303, 55
1350024421.896795, 55
1350024452.854219, 55
1350024499.704546, 55
1350024530.679448, 55
1350024562.001959, 55
1350024593.554452, 55
1350024624.55682, 55
1350024655.997789, 55
1350024687.250945, 55
1350024718.316009, 55
1350024749.442383, 55
1350024795.935114, 55
1350024827.339464, 55
1350024858.506897, 55
1350024890.049958, 55
1350024922.841414, 55
1350024952.633669, 55
1350024983.143891, 55
1350025014.417576, 55
1350025045.586396, 55
1350025092.398994, 55
1350025123.71235, 55
1350025154.793227, 55
1350025186.271926, 55
1350025217.163879, 55
1350025248.505255, 55
1350025279.586964, 55
1350025310.86703, 55
1350025357.617485, 55
1350025388.810717, 55
1350025420.02337, 55
1350025451.229641, 55
new stimulus
1350058973.067401, 50
1350059475.409945, 50
1350059506.201194, 50
1350059537.086212, 50
1350059568.479743, 50
1350059600.138488, 50
1350059630.768556, 50
1350059661.766762, 50
1350059693.14448, 50
1350059724.101072, 50
1350059771.127006, 50
1350059802.000095, 50
1350059833.742899, 50
1350059864.619872, 50
1350059895.734594, 50
1350059927.518457, 50
1350059958.199015, 50
1350059989.354796, 50
1350060036.372408, 50
1350060067.440801, 50
1350060098.763034, 50
1350060130.229527, 50
1350060161.267958, 50
1350060192.359655, 50
1350060223.315138, 50
new stimulus
1350094486.559223, 55
1350094996.614907, 55
1350095027.099051, 55
1350095058.069237, 55
1350095089.141514, 55
1350095120.282037, 55
1350095151.822324, 55
1350095183.017776, 55
1350095213.965768, 55
1350095245.122381, 55
1350095291.845927, 55
1350095323.256935, 55
1350095354.337535, 55
1350095385.473064, 55
1350095416.647987, 55
new stimulus
1350127943.067079, 55
1350128442.671476, 55
1350128473.20417, 55
1350128504.163536, 55
1350128535.442492, 55
1350128566.569698, 55
1350128597.793447, 55
1350128628.842976, 55
1350128660.081706, 55
1350128691.163692, 55
1350128737.954374, 55
1350128769.471912, 55
1350128800.368582, 55
1350128831.790964, 55
1350128863.080739, 55
1350128894.199346, 55
1350128925.17619, 55
1350128956.760586, 55
1350129003.857818, 55
