new stimulus
new stimulus
1350277773.918695, 55
1350278268.666003, 55
1350278299.398162, 55
1350278329.849294, 55
1350278360.607807, 55
1350278391.760259, 55
1350278423.562431, 55
1350278454.147834, 55
1350278486.14753, 55
1350278518.580558, 55
1350278563.384072, 55
1350278594.853061, 55
1350278625.530568, 55
1350278656.524612, 55
1350278687.778322, 55
1350278718.763212, 55
1350278754.083361, 55
1350278780.316027, 55
1350278827.510078, 55
1350278858.339889, 55
1350278890.438902, 55
1350278922.01026, 55
1350291321.159631, 55
1350291827.14194, 55
1350291855.929377, 55
1350291886.846576, 55
1350291917.568193, 55
1350291950.815451, 55
1350291979.404532, 55
1350292010.444073, 55
1350292041.814023, 55
1350292072.909881, 55
1350292121.114023, 55
1350292151.799298, 55
1350292184.619883, 55
1350292212.893813, 55
1350292244.858831, 55
1350292275.433692, 55
1350292306.687957, 55
1350292338.773654, 55
1350292384.786724, 55
1350292416.113951, 55
1350292446.870245, 55
1350292477.963329, 55
new stimulus
new stimulus
1350350874.062178, 55
1350351384.912396, 55
1350351414.688006, 55
1350351445.988046, 55
1350351477.900355, 55
1350351511.746288, 55
1350351539.530292, 55
1350351570.962385, 55
1350351601.506175, 55
1350351632.830627, 55
1350351680.448856, 55
1350351710.743799, 55
1350351742.199195, 55
1350351773.027896, 55
1350351804.607021, 55
1350351835.523943, 55
1350351866.637278, 55
1350351898.364547, 55
1350351945.133589, 55
1350351976.330983, 55
1350352007.445428, 55
1350352040.57728, 55
1350352069.515633, 55
1350352100.935519, 55
1350352132.130416, 55
1350352163.436005, 55
1350352194.749916, 55
1350352241.19493, 55
1350352272.188142, 55
1350352303.254593, 55
1350352334.690292, 55
1350352365.80446, 55
1350352396.951086, 55
1350352428.160964, 55
1350352459.428545, 55
new stimulus
1350379428.121293, 55
1350379931.759393, 55
1350379962.908239, 55
1350379993.336066, 55
1350380024.55288, 55
1350380055.754713, 55
1350380087.938062, 55
1350380118.00219, 55
1350380149.176281, 55
1350380180.740981, 55
1350380227.086956, 55
1350380258.468002, 55
1350380289.455111, 55
1350380320.659441, 55
1350380352.063236, 55
1350380383.270617, 55
1350380414.2605, 55
1350380445.718393, 55
1350380492.866115, 55
1350380523.855998, 55
1350380555.424582, 55
1350380586.513504, 55
1350380617.329999, 55
1350380648.269946, 55
1350380680.372288, 55
1350380710.971562, 55
1350380742.980135, 55
1350380788.823701, 55
1350380820.67248, 55
1350380851.352206, 55
1350380882.387308, 55
1350380913.486495, 55
1350380944.582076, 55
1350380976.711605, 55
new stimulus
1350417454.067659, 55
1350417948.329203, 55
1350417978.994226, 55
1350418010.24322, 55
1350418041.280265, 55
1350418072.995604, 55
1350418104.158598, 55
1350418135.581258, 55
1350418166.237958, 55
1350418197.577947, 55
1350418243.903948, 55
1350418275.172361, 55
1350418306.188045, 55
1350418337.694208, 55
1350418368.56702, 55
1350418400.503741, 55
1350418431.314132, 55
1350418462.429687, 55
1350418509.278627, 55
1350418540.660506, 55
1350418571.69228, 55
1350418603.115217, 55
1350418634.366986, 55
1350418665.109409, 55
1350418696.72349, 55
1350418727.516126, 55
1350418758.670797, 55
1350418805.351342, 55
1350418836.677183, 55
1350418868.003577, 55
1350418899.624871, 55
1350418930.273526, 55
1350418961.464262, 55
1350418992.742385, 55
1350419025.509706, 55
1350419056.744829, 55
1350419104.186618, 55
1350419134.371979, 55
1350419165.706142, 55
1350419195.934781, 55
1350419226.927439, 55
1350419257.733946, 55
1350419288.930785, 55
1350419320.183941, 55
1350419366.919693, 55
1350419398.154261, 55
1350419429.560276, 55
1350419460.76516, 55
1350419491.998064, 55
1350419523.32335, 55
1350419554.247484, 55
1350419585.69206, 55
1350419616.552942, 55
1350419663.364708, 55
1350419694.405359, 55
1350419725.75256, 55
1350419757.197691, 55
1350419788.168432, 55
1350419819.389407, 55
1350419850.854512, 55
1350419881.687098, 55
1350419912.913343, 55
1350419959.986717, 55
1350419990.890322, 55
1350420022.209226, 55
1350420053.433808, 55
1350420084.763809, 55
1350420116.66613, 55
1350420148.090732, 55
1350420178.744935, 55
1350420225.091743, 55
1350420256.243917, 55
new stimulus
1350441850.658653, 49
1350441918.802994, 54
1350452057.639235, 55
1350452564.609163, 55
1350452595.391535, 55
1350452626.152823, 55
1350452657.490037, 55
1350452688.544282, 55
1350452719.559965, 55
1350452751.044768, 55
1350452781.949482, 55
1350452813.068366, 55
1350452859.860712, 55
1350452891.171849, 55
1350452922.367023, 55
1350452953.423765, 55
1350452984.985413, 55
1350453015.896231, 55
1350453047.1738, 55
1350453078.8417, 55
1350453125.246766, 55
1350453156.707155, 55
1350453187.721728, 55
1350453220.497926, 55
1350453250.20862, 55
1350453281.347201, 55
1350453312.39673, 55
1350453343.855732, 55
1350453374.835073, 55
1350453421.541418, 55
1350453452.808722, 55
1350453485.71614, 55
1350453515.686778, 55
1350453546.56597, 55
1350453578.478556, 55
1350453609.326676, 55
1350453640.150939, 55
1350453671.213784, 55
1350453718.321003, 55
1350453749.097826, 55
1350453780.516602, 55
1350453811.603583, 55
1350453842.98241, 55
1350453874.030274, 55
1350453905.22212, 55
1350453936.240022, 55
1350453983.020439, 55
1350454014.37846, 55
1350454045.492905, 55
1350454077.00434, 55
new stimulus
new stimulus
new stimulus
1350563943.478495, 55
1350564446.858316, 55
1350564477.872612, 55
1350564508.587016, 55
1350564539.946701, 55
1350564571.11774, 55
1350564601.937287, 55
1350564633.219572, 55
1350564664.405314, 55
1350564695.484527, 55
1350564742.234705, 55
1350564773.463447, 55
1350564804.625331, 55
1350564835.895965, 55
1350564867.366618, 55
1350564898.314611, 55
1350564929.454024, 55
1350564960.699134, 55
1350565007.800527, 55
1350565039.353852, 55
1350565070.081573, 55
1350565101.684834, 55
1350565132.48829, 55
1350565163.810801, 55
1350565194.819548, 55
1350565226.075478, 55
1350565257.204904, 55
1350565303.87574, 55
1350565335.027359, 55
1350565366.233908, 55
1350565397.440734, 55
1350565428.614547, 55
1350565459.883239, 55
1350565491.083129, 55
1350565522.25833, 55
1350565553.501498, 55
1350565600.534091, 55
1350565631.562813, 55
1350565662.896698, 55
1350565694.340165, 55
1350565725.337538, 55
1350565756.411757, 55
1350565787.724281, 55
1350565818.719712, 55
1350565865.518994, 55
1350565896.737194, 55
1350565927.994234, 55
1350565959.057633, 55
1350565990.453661, 55
1350566021.5989, 55
1350566052.824591, 55
1350566084.026146, 55
1350566115.522323, 55
1350566162.284152, 55
1350566193.179157, 55
1350566229.555172, 55
1350566255.673539, 55
1350566285.120406, 55
1350566317.773984, 55
1350566349.106204, 55
1350566380.385992, 55
1350566411.540941, 55
1350566458.172382, 55
new stimulus
1350594904.728865, 55
1350595412.432295, 55
1350595443.298171, 55
1350595474.459223, 55
1350595505.727359, 55
1350595537.036554, 55
1350595568.497498, 55
1350595598.890371, 55
1350595630.061132, 55
1350595661.243545, 55
1350595707.969588, 55
1350595739.46188, 55
1350595770.558016, 55
1350595801.576473, 55
1350595832.726151, 55
1350595864.240914, 55
1350595895.203333, 55
1350595926.862633, 55
1350595973.391984, 55
1350596004.478687, 55
1350596035.549299, 55
1350596066.812442, 55
1350596098.033139, 55
1350596129.192804, 55
1350596160.480083, 55
1350596191.916336, 55
1350596222.80607, 55
1350596269.459983, 55
1350596300.957824, 55
1350596332.476194, 55
1350596365.537858, 55
1350596395.078493, 55
1350596425.751007, 55
1350596456.674308, 55
1350596488.235679, 55
1350596519.269117, 55
1350596566.855165, 55
1350596597.347632, 55
1350596628.431561, 55
1350596659.607316, 55
1350596690.712051, 55
1350596721.946342, 55
1350596753.327944, 55
1350596784.348066, 55
1350596831.34931, 55
1350596862.465697, 55
1350596893.617316, 55
1350596924.855491, 55
1350596956.119743, 55
1350596987.328234, 55
1350597018.389692, 55
new stimulus
1350640559.939888, 55
1350641057.762964, 55
1350641088.390813, 55
1350641119.721924, 55
1350641150.902395, 55
1350641181.990763, 55
1350641213.037239, 55
1350641244.054587, 55
1350641275.20482, 55
1350641306.551466, 55
1350641353.415942, 55
1350641384.325373, 55
1350641415.817943, 55
1350641446.863865, 55
1350641478.033239, 55
1350641509.981335, 55
1350641540.753165, 55
1350641572.362529, 55
1350641618.977326, 55
1350641649.672587, 55
1350641680.799516, 55
1350641712.034085, 55
1350641743.392106, 55
1350641774.552048, 55
1350641805.695067, 55
1350641836.78177, 55
1350641868.088746, 55
1350641914.886917, 55
1350641945.929233, 55
1350641977.369648, 55
1350642008.469667, 55
1350642039.684261, 55
1350642070.899688, 55
1350642102.173095, 55
1350642133.159926, 55
1350642165.029512, 55
1350642211.846271, 55
new stimulus
1350666865.219656, 50
1350667375.089468, 50
1350667405.270391, 50
1350667436.67918, 50
1350667467.674889, 50
1350667498.769082, 50
1350667530.314362, 50
1350667561.509259, 50
1350667592.420355, 50
1350667623.590839, 50
1350667670.983524, 50
1350667701.591398, 50
1350667732.582391, 50
1350667763.868005, 50
1350667795.062902, 50
1350667826.472246, 50
1350667857.364754, 50
1350667888.734427, 50
1350667935.608889, 50
1350667966.758012, 50
1350667997.959845, 50
1350668029.536473, 50
1350668060.741358, 50
1350668091.477678, 50
1350668122.789647, 50
1350668154.245597, 50
1350668185.3495, 50
1350668231.835296, 50
1350668263.060154, 50
1350668294.153516, 50
1350668325.333987, 50
1350668356.703937, 50
1350668387.841131, 50
1350668419.112874, 50
1350668450.289461, 50
1350668481.464106, 50
1350668528.798256, 50
1350668559.853333, 50
1350668590.984423, 50
1350668622.016752, 50
1350668653.143403, 50
1350668684.628483, 50
1350668715.658315, 50
1350668746.735863, 50
1350668793.498802, 50
1350668824.692867, 50
1350668855.914951, 50
new stimulus
1350702834.645073, 55
1350703332.479801, 55
1350703363.169792, 55
1350703394.10419, 55
1350703425.181183, 55
1350703456.536153, 55
1350703488.167156, 55
1350703518.836063, 55
1350703550.017644, 55
1350703581.294935, 55
1350703628.025416, 55
1350703659.275242, 55
1350703690.599695, 55
1350703721.590411, 55
1350703752.865483, 55
1350703783.96134, 55
1350703815.498575, 55
1350703846.70124, 55
1350703893.773782, 55
1350703924.430759, 55
1350703955.661999, 55
1350703987.011974, 55
1350704018.960347, 55
1350704049.463911, 55
1350704080.559214, 55
1350704111.601807, 55
1350704142.768407, 55
1350704189.8182, 55
1350704220.87078, 55
1350704252.694036, 55
1350704283.042522, 55
1350704314.54286, 55
1350704345.555768, 55
1350704377.009777, 55
1350704408.292062, 55
1350704439.409281, 55
1350704486.061252, 55
1350704517.171813, 55
1350704548.31622, 55
1350704579.820164, 55
1350704610.77426, 55
1350704642.220501, 55
1350704673.577967, 55
1350704704.341197, 55
1350704751.250337, 55
1350704782.310685, 55
1350704813.656777, 55
1350704844.606711, 55
1350704876.80726, 55
1350704907.425953, 55
1350704938.403075, 55
1350704969.695902, 55
1350705001.312202, 55
1350705048.828617, 55
1350705078.963765, 55
1350705110.790905, 55
1350705141.443999, 55
1350705172.584244, 55
1350705203.567469, 55
1350705234.817573, 55
1350705265.893179, 55
1350705297.099728, 55
1350705344.464671, 55
1350705375.136907, 55
1350705406.282146, 55
1350705437.63767, 55
1350705468.67416, 55
1350705499.955335, 55
1350705531.046754, 55
1350705562.493272, 55
1350705609.226527, 55
1350705640.30685, 55
1350705671.66487, 55
1350705702.756845, 55
1350705734.086568, 55
1350705765.0906, 55
1350705796.303529, 55
1350705827.535324, 55
1350705858.887241, 55
1350705906.135113, 55
1350705937.574973, 55
1350705968.064388, 55
1350705999.35777, 55
1350706030.304098, 55
1350706061.985037, 55
1350706092.817345, 55
1350706124.156501, 55
1350706155.092009, 55
1350706201.929852, 55
1350706233.172466, 55
1350706264.291904, 55
1350706295.379162, 55
1350706326.797383, 55
1350706357.900454, 55
1350706389.025719, 55
1350706420.28581, 55
1350706467.024336, 55
1350706498.399557, 55
new stimulus
1350735986.66714, 55
1350736497.93238, 55
1350736528.539699, 55
1350736559.444414, 55
1350736590.970829, 55
1350736621.655549, 55
1350736652.851001, 55
1350736684.220674, 55
1350736715.23275, 55
1350736746.561919, 55
1350736793.424453, 55
1350736824.585227, 55
1350736855.714931, 55
1350736886.88597, 55
1350736918.091131, 55
1350736949.389507, 55
1350736980.325015, 55
1350737011.715494, 55
1350737058.738932, 55
1350737089.786241, 55
1350737120.760311, 55
1350737152.189629, 55
1350737183.693019, 55
1350737214.491481, 55
1350737245.620352, 55
1350737276.829398, 55
1350737308.021244, 55
1350737354.859364, 55
1350737386.126391, 55
1350737417.398133, 55
1350737448.59636, 55
1350737480.424055, 55
1350737511.379537, 55
1350737542.347227, 55
1350737574.145792, 55
1350737604.634375, 55
1350737651.699426, 55
1350737682.470701, 55
1350737713.741612, 55
1350737744.904606, 55
1350737776.002406, 55
1350737807.429227, 55
1350737838.449071, 55
1350737869.783234, 55
1350737916.495128, 55
1350737947.784071, 55
1350737978.851077, 55
1350738010.123097, 55
1350738041.618164, 55
1350738072.640783, 55
1350738104.248205, 55
1350738135.027248, 55
1350738166.801401, 55
1350738212.884103, 55
1350738243.87898, 55
1350738275.425647, 55
1350738306.332858, 55
1350738337.575472, 55
1350738368.854983, 55
1350738400.211894, 55
1350738431.54467, 55
1350738462.547036, 55
1350738509.876747, 55
new stimulus
1350771336.226928, 55
1350771846.926229, 55
1350771877.582929, 55
1350771908.963976, 55
1350771940.016556, 55
1350771971.436719, 55
1350772002.459893, 55
1350772033.479737, 55
1350772064.805577, 55
1350772096.138908, 55
1350772142.698497, 55
1350772174.355578, 55
1350772205.189273, 55
1350772236.257111, 55
1350772267.594881, 55
1350772298.542873, 55
1350772330.294554, 55
1350772361.419264, 55
1350772407.947782, 55
1350772439.271126, 55
1350772470.178892, 55
1350772501.376841, 55
1350772532.62639, 55
1350772563.993288, 55
1350772594.905493, 55
1350772626.243817, 55
1350772657.387669, 55
1350772704.307629, 55
1350772735.323589, 55
1350772766.73321, 55
1350772797.746119, 55
1350772829.097482, 55
1350772860.342593, 55
1350772891.491438, 55
1350772922.681342, 55
1350772953.990536, 55
1350773001.452299, 55
1350773032.061838, 55
1350773063.027585, 55
1350773094.13565, 55
1350773125.670943, 55
1350773156.581483, 55
1350773187.889846, 55
1350773219.007065, 55
1350773265.870985, 55
1350773296.923288, 55
1350773328.245244, 55
1350773359.395199, 55
1350773390.696071, 55
1350773421.789987, 55
1350773453.041479, 55
1350773484.262176, 55
new stimulus
1350810564.307606, 55
1350811065.372626, 55
1350811095.853164, 55
1350811126.92766, 55
1350811158.145861, 55
1350811189.214254, 55
1350811220.353112, 55
1350811251.399312, 55
1350811282.69519, 55
1350811313.842649, 55
1350811360.645536, 55
1350811391.883157, 55
1350811423.159616, 55
1350811454.548985, 55
1350811485.508907, 55
1350811517.564642, 55
1350811548.487389, 55
1350811579.599337, 55
1350811625.934493, 55
1350811657.220384, 55
1350811688.198061, 55
1350811719.469249, 55
1350811750.580365, 55
1350811781.703965, 55
1350811813.111367, 55
1350811844.302935, 55
1350811875.528903, 55
1350811922.227758, 55
1350811953.648476, 55
1350811984.75127, 55
1350812016.090148, 55
1350812047.335259, 55
1350812078.525162, 55
1350812109.43598, 55
1350812140.844769, 55
1350812172.335397, 55
1350812218.757386, 55
1350812249.845476, 55
1350812281.361072, 55
1350812312.329316, 55
1350812343.585524, 55
1350812374.641988, 55
1350812405.943415, 55
1350812437.037053, 55
1350812483.927884, 55
1350812515.922863, 55
1350812547.577447, 55
1350812578.381736, 55
1350812608.677233, 55
1350812640.018887, 55
1350812671.138325, 55
1350812702.404242, 55
1350812733.64963, 55
1350812780.423666, 55
1350812811.399956, 55
1350812842.737725, 55
1350812873.936783, 55
1350812905.055112, 55
1350812936.172609, 55
1350812967.531462, 55
1350812998.874225, 55
1350813030.076335, 55
1350813076.799326, 55
1350813107.945397, 55
1350813139.34836, 55
1350813170.501644, 55
1350813201.780322, 55
1350813231.583675, 55
1350813264.253343, 55
1350813295.341988, 55
1350813341.868287, 55
1350813373.015468, 55
1350813404.315507, 55
1350813435.509572, 55
1350813466.651205, 55
1350813499.740611, 55
1350813530.479705, 55
1350813560.64426, 55
1350813592.01643, 55
1350813640.268011, 55
1350813671.170229, 55
1350813700.706702, 55
1350813731.836683, 55
1350813763.181665, 55
1350813794.153516, 55
1350813825.51653, 55
1350813856.65955, 55
1350813887.902718, 55
1350813934.726967, 55
1350813965.776218, 55
1350813997.013561, 55
1350814028.476447, 55
1350814059.373394, 55
1350814090.676208, 55
1350814121.910222, 55
1350814152.962802, 55
1350814199.978749, 55
1350814231.006361, 55
1350814262.329427, 55
1350814293.368136, 55
1350814324.824642, 55
1350814356.034242, 55
1350814387.074061, 55
1350814418.310017, 55
1350814449.672754, 55
1350814496.508377, 55
1350814527.947405, 55
1350814559.668015, 55
1350814590.535833, 55
1350814621.177553, 55
1350814652.156893, 55
1350814683.265513, 55
1350814714.648224, 55
1350814746.0326, 55
1350814792.675971, 55
1350814823.975733, 55
1350814854.998352, 55
