new stimulus
new stimulus
1351694243.260608, 55
1351694746.073936, 55
1351694774.931005, 55
1351694806.514569, 55
1351694837.139366, 55
1351694870.027365, 55
1351694898.59009, 55
1351694929.816336, 55
1351694961.453442, 55
1351694992.13733, 55
1351695039.468705, 55
1351695071.068637, 55
1351695100.786267, 55
1351695132.912744, 55
1351695164.752923, 55
1351695194.504398, 55
1351695225.906251, 55
1351695256.959386, 55
1351695304.002798, 55
1351695335.05843, 55
1351695366.137365, 55
1351695397.12919, 55
1351695428.403152, 55
1351695459.492075, 55
1351695491.16164, 55
1351695522.138761, 55
1351695553.289271, 55
1351695600.347664, 55
1351695631.618575, 55
1351695662.504979, 55
1351695694.031672, 55
1351695724.630669, 55
1351695755.96927, 55
1351695786.979128, 55
1351695818.803493, 55
1351695849.643014, 55
1351695896.170978, 55
1351695927.579212, 55
1351695958.943891, 55
1351695990.129078, 55
1351696021.130058, 55
1351696053.121431, 55
1351696083.728751, 55
1351696115.286792, 55
1351696162.200648, 55
1351696192.62376, 55
1351696224.525249, 55
1351696255.814469, 55
1351696286.531092, 55
1351696320.007224, 55
1351696348.806035, 55
1351696380.050035, 55
1351696411.237165, 55
1351696457.76069, 55
1351696489.170311, 55
1351696520.845146, 55
1351696551.64999, 55
1351696582.916184, 55
1351696614.115798, 55
1351696644.987222, 55
1351696676.377423, 55
1351696707.291293, 55
1351696754.092516, 55
1351696785.400047, 55
1351696816.659028, 55
1351696848.555246, 55
1351703661.935711, 52
1351704171.677909, 52
1351704196.698522, 52
1351704481.165879, 51
new stimulus
1351717467.407455, 55
1351717971.071911, 55
1351718001.801573, 55
1351718033.47086, 55
1351718064.412472, 55
1351718094.898003, 55
1351718125.99608, 55
1351718158.634677, 55
1351718190.571121, 55
1351718219.648463, 55
1351718266.807282, 55
1351718298.054889, 55
1351718329.485872, 55
1351718361.240327, 55
1351718391.823511, 55
1351718422.718516, 55
1351718453.990536, 55
1351718485.013432, 55
1351718532.062115, 55
1351718563.494485, 55
1351718593.936184, 55
1351718625.340812, 55
1351718656.462192, 55
1351718687.492024, 55
1351718719.546927, 55
1351718750.005548, 55
1351718781.091419, 55
1351718828.39422, 55
1351718859.149404, 55
1351718890.55098, 55
1351718921.746987, 55
1351718953.108337, 55
1351718984.134007, 55
1351719015.30033, 55
1351719046.387311, 55
1351719077.631589, 55
1351719124.258037, 55
1351719155.480121, 55
1351719186.738271, 55
1351719217.923458, 55
1351719249.089781, 55
1351719280.498847, 55
1351719312.700228, 55
1351719343.64073, 55
1351719391.631813, 55
1351719420.883375, 55
1351719452.01835, 55
1351719483.136678, 55
1351719514.750482, 55
1351719545.98394, 55
1351719577.146379, 55
1351719608.854228, 55
1351719641.92255, 55
1351719686.183428, 55
1351719717.134195, 55
1351719748.269447, 55
1351719779.495415, 55
1351719810.680603, 55
1351719841.896029, 55
1351719872.97968, 55
1351719904.10328, 55
1351719935.386398, 55
1351719982.4287, 55
1351720013.672146, 55
1351720044.897004, 55
1351720077.581376, 55
1351720107.920151, 55
1351720138.296379, 55
1351720170.201751, 55
1351720201.560882, 55
1351720247.730417, 55
1351720278.704765, 55
1351720310.013127, 55
1351720341.044623, 55
1351720372.906718, 55
1351720404.116874, 55
1351720434.833497, 55
1351720465.81367, 55
1351720497.109549, 55
1351720544.007592, 55
1351720575.768151, 55
1351720606.347451, 55
1351720638.978835, 55
1351720669.554805, 55
1351720701.793084, 55
1351720731.416667, 55
1351722231.548165, 49
new stimulus
1351760307.732448, 50
1351760808.78221, 50
1351760839.424207, 50
1351760869.983255, 50
1351760901.097145, 50
1351760933.012782, 50
1351760963.683076, 50
1351760994.608875, 50
1351761025.682539, 50
1351761056.947346, 50
1351761104.127527, 50
1351761134.945409, 50
1351761166.279849, 50
1351761197.240048, 50
1351761228.749818, 50
1351761259.797959, 50
1351761290.747616, 50
1351761322.149747, 50
1351761368.980655, 50
1351761400.031848, 50
1351761431.017569, 50
1351761462.616392, 50
1351761493.767456, 50
1351761524.790353, 50
1351761556.602512, 50
1351761587.295832, 50
1351761618.285992, 50
1351761665.179597, 50
1351761696.550379, 50
1351761727.479229, 50
1351761758.839747, 50
1351761789.830739, 50
1351761821.311381, 50
1351761852.187798, 50
1351761883.573561, 50
1351761914.731284, 50
1351761962.621663, 50
1351761993.136323, 50
1351762024.002754, 50
1351762055.230942, 50
1351762086.276586, 50
1351762119.013113, 50
1351762150.676852, 50
1351762179.928691, 50
1351762226.696069, 50
1351762257.942844, 50
1351762289.115825, 50
1351762320.399775, 50
1351762351.60244, 50
1351762383.101945, 50
1351762413.97226, 50
1351762445.21737, 50
1351762476.375925, 50
1351762523.136645, 50
1351762554.388691, 50
1351762586.035785, 50
1351762616.702195, 50
1351762648.057719, 50
1351762679.105583, 50
1351762710.3285, 50
1351762741.424635, 50
1351762772.772669, 50
1351762819.557801, 50
1351762850.687227, 50
1351762882.129584, 50
1351762913.031247, 50
1351762944.353481, 50
1351762976.001962, 50
1351763007.092826, 50
1351763039.60797, 50
1351763084.866177, 50
1351763115.804737, 50
1351763147.055951, 50
1351763178.410366, 50
1351763209.349758, 50
1351763240.716934, 50
1351763271.843585, 50
1351763302.96663, 50
1351763334.185108, 50
1351763381.046255, 50
1351763412.387353, 50
1351763443.553676, 50
1351763475.273454, 50
1351763506.557958, 50
1351763536.946392, 50
1351763568.848713, 50
1351763599.505136, 50
1351763630.662026, 50
1351763677.407488, 50
1351763708.813225, 50
1351763739.926006, 50
1351763771.87854, 50
1351763802.142412, 50
new stimulus
1351791305.344962, 55
1351791804.939927, 55
1351791835.659879, 55
1351791866.55211, 55
1351791897.864079, 55
1351791928.717193, 55
1351791960.413113, 55
1351791991.380802, 55
1351792022.489144, 55
1351792053.967288, 55
1351792100.444206, 55
1351792131.452954, 55
1351792163.062319, 55
1351792193.978962, 55
1351792225.066775, 55
1351792256.299401, 55
1351792287.798075, 55
1351792318.810152, 55
1351792365.592788, 55
1351792397.67571, 55
1351792428.241694, 55
1351792459.44741, 55
1351792490.372654, 55
1351792521.839979, 55
1351792552.890339, 55
1351792584.3388, 55
1351792615.4538, 55
1351792662.621496, 55
1351792693.402759, 55
1351792724.39819, 55
1351792755.659946, 55
1351792786.716965, 55
1351792818.48002, 55
1351792849.319264, 55
1351792880.328011, 55
1351792911.717381, 55
1351792958.407913, 55
1351792989.695469, 55
1351793020.898689, 55
1351793052.049199, 55
1351793083.285987, 55
1351793114.329967, 55
1351793145.739588, 55
1351793177.103157, 55
1351793223.759289, 55
1351793254.805211, 55
1351793286.448144, 55
1351793317.279897, 55
1351793348.31278, 55
1351793379.563716, 55
1351793411.245765, 55
1351793442.222054, 55
1351793473.120388, 55
1351793520.010664, 55
1351793551.161451, 55
1351793587.978843, 55
1351793613.746272, 55
1351793645.219146, 55
1351793676.005679, 55
1351793707.191144, 55
1351793738.467603, 55
1351793769.887211, 55
1351793816.426272, 55
1351793847.56513, 55
1351793879.084887, 55
1351793910.147177, 55
1351793941.179783, 55
1351793972.384945, 55
1351794003.619791, 55
1351794034.692345, 55
1351794081.889449, 55
1351794114.620981, 55
1351794144.769446, 55
1351794175.091022, 55
1351794206.339184, 55
1351794237.394261, 55
1351794268.708171, 55
1351794299.835655, 55
1351794331.195896, 55
1351794377.705272, 55
1351794409.567922, 55
1351794440.613844, 55
new stimulus
1351826107.23936, 55
1351826608.085217, 55
1351826638.846505, 55
1351826669.855252, 55
1351826701.02102, 55
1351826732.167924, 55
1351826763.225498, 55
1351826794.503344, 55
1351826825.709615, 55
1351826857.69544, 55
1351826904.480573, 55
1351826934.869562, 55
1351826966.228138, 55
1351826997.268234, 55
1351827029.255723, 55
1351827059.747358, 55
1351827091.192489, 55
1351827123.047371, 55
1351827169.38114, 55
1351827200.10026, 55
1351827231.254931, 55
1351827262.440118, 55
1351827293.84003, 55
1351827324.943655, 55
1351827356.167405, 55
1351827387.329289, 55
1351827418.62267, 55
1351827465.599779, 55
1351827496.54999, 55
1351827527.74461, 55
1351827559.271026, 55
1351827590.311677, 55
1351827621.377018, 55
1351827652.574135, 55
1351827683.570399, 55
1351827714.955329, 55
1351827761.767927, 55
1351827792.66848, 55
1351827824.122489, 55
1351827855.469413, 55
1351827886.981125, 55
1351827917.829523, 55
1351827948.861574, 55
1351827979.97269, 55
1351828027.031915, 55
1351828058.084495, 55
1351828089.388974, 55
1351828120.434064, 55
1351828151.964641, 55
1351828183.435017, 55
1351828214.365809, 55
1351828245.270524, 55
1351828276.674042, 55
1351828323.473878, 55
1351828354.578336, 55
1351828385.683626, 55
1351828416.824427, 55
1351828448.052614, 55
1351828479.386499, 55
1351828510.521196, 55
1351828541.713874, 55
1351828572.980069, 55
1351828619.675594, 55
1351828650.961763, 55
1351828682.013789, 55
1351828713.256402, 55
new stimulus
1351862420.535766, 50
1351862924.689316, 50
1351862955.585153, 50
1351862986.435771, 50
1351863017.681713, 50
1351863048.798378, 50
1351863079.9303, 50
1351863111.001468, 50
1351863142.269604, 50
1351863173.867872, 50
1351863220.428571, 50
1351863251.953877, 50
1351863282.991476, 50
1351863313.779674, 50
1351863345.134366, 50
1351863376.771472, 50
1351863407.891743, 50
1351863438.676612, 50
1351863485.429842, 50
1351863516.636945, 50
1351863547.814642, 50
1351863579.358258, 50
1351863610.282947, 50
1351863641.403773, 50
1351863672.653877, 50
1351863703.867639, 50
1351863735.038678, 50
1351863781.905927, 50
1351863813.053663, 50
1351863844.362303, 50
1351863875.322502, 50
1351863906.797594, 50
1351863937.965304, 50
1351863969.30779, 50
1351864000.274647, 50
1351864031.647371, 50
1351864078.149811, 50
1351864109.381328, 50
1351864140.693575, 50
1351864171.964485, 50
1351864203.053408, 50
1351864234.183943, 50
1351864265.497854, 50
1351864296.762661, 50
1351864343.503962, 50
1351864375.281166, 50
1351864406.623097, 50
1351864437.041769, 50
1351864468.614514, 50
1351864499.44377, 50
1351864530.686384, 50
1351864562.248309, 50
1351864593.169669, 50
1351864639.809433, 50
1351864671.145261, 50
1351864702.153453, 50
1351864733.383861, 50
1351864764.710533, 50
1351864795.901824, 50
1351864827.009056, 50
1351864858.271366, 50
1351864889.325056, 50
1351864936.352933, 50
1351864967.886561, 50
1351864998.905296, 50
1351865030.050257, 50
1351865061.081476, 50
1351865092.285251, 50
1351865123.388322, 50
1351865155.16941, 50
1351865201.483204, 50
1351865232.754115, 50
1351865264.984902, 50
1351865295.475427, 50
1351865326.251141, 50
1351865357.357264, 50
1351865389.292875, 50
1351865420.298294, 50
1351865451.149467, 50
1351865499.346396, 50
1351865529.958431, 50
1351865561.038753, 50
1351865592.005888, 50
1351865622.837641, 50
1351865654.170694, 50
1351865684.900356, 50
1351865717.102292, 50
1351865748.134343, 50
1351865794.161284, 50
1351865825.333432, 50
1351865856.569665, 50
1351865887.797853, 50
1351865918.900092, 50
1351865950.094989, 50
1351865981.333996, 50
1351866012.880386, 50
1351866059.471046, 50
1351866090.692853, 50
1351866121.747376, 50
1351866153.142294, 50
1351866184.246197, 50
1351866215.69216, 50
1351866246.534455, 50
1351866277.883043, 50
1351866308.89623, 50
1351866355.812305, 50
1351866386.998603, 50
1351866418.638206, 50
1351866449.493262, 50
1351866480.640998, 50
1351866512.124968, 50
1351866543.363143, 50
1351866574.36551, 50
1351866605.572336, 50
1351866652.332501, 50
1351866683.386191, 50
1351866714.787212, 50
1351866745.744914, 50
1351866777.049115, 50
1351866808.032063, 50
1351866839.542943, 50
1351866870.442941, 50
1351866917.218087, 50
1351866948.501759, 50
1351866979.758521, 50
new stimulus
1351898112.608568, 55
1351898617.29976, 55
1351898647.768369, 55
1351898678.971034, 55
1351898710.084091, 55
1351898741.203808, 55
1351898772.282743, 55
1351898803.526189, 55
1351898834.611505, 55
1351898866.676672, 55
1351898913.17939, 55
1351898943.939569, 55
1351898975.140014, 55
1351899006.240311, 55
1351899037.596667, 55
1351899068.703067, 55
1351899099.952616, 55
1351899131.280953, 55
1351899178.529379, 55
1351899209.134479, 55
1351899240.319944, 55
1351899271.529267, 55
1351899302.867314, 55
1351899333.878558, 55
1351899365.085939, 55
1351899396.197055, 55
1351899427.534269, 55
1351899475.388306, 55
1351899505.627765, 55
1351899536.733332, 55
1351899568.223961, 55
1351899599.282089, 55
1351899630.311089, 55
1351899661.610019, 55
1351899692.788826, 55
1351899723.964581, 55
1351899770.957779, 55
1351899802.02867, 55
1351899833.033811, 55
1351899864.801028, 55
1351899896.59349, 55
1351899927.012718, 55
1351899958.143808, 55
1351899989.168924, 55
1351900036.032844, 55
1351900067.130366, 55
1351900098.452323, 55
1351900129.405586, 55
1351900161.20221, 55
1351900192.058653, 55
1351900223.08793, 55
1351900254.235943, 55
1351900285.575932, 55
1351900332.241773, 55
1351900363.344012, 55
1351900394.813556, 55
1351900425.799278, 55
1351900457.024136, 55
1351900488.301428, 55
1351900519.479957, 55
1351900550.651274, 55
1351900581.94521, 55
1351900628.804692, 55
1351900659.973512, 55
1351900691.00362, 55
1351900722.348048, 55
1351900753.384815, 55
1351900784.78861, 55
1351900816.094476, 55
1351900847.111824, 55
1351900894.383276, 55
1351900925.259971, 55
1351900956.543088, 55
1351900987.412848, 55
1351901018.604138, 55
1351901050.014592, 55
1351901081.11905, 55
1351901112.332812, 55
1351901143.517999, 55
1351901190.69929, 55
1351901221.617043, 55
1351901252.763946, 55
1351901284.00767, 55
1351901315.097702, 55
1351901346.449897, 55
1351901377.694453, 55
1351901408.840801, 55
1351901439.871742, 55
1351901487.749914, 55
1351901518.561416, 55
1351901549.09938, 55
1351901580.395536, 55
1351901611.58211, 55
1351901642.669091, 55
1351901674.116441, 55
1351901705.213131, 55
1351901751.967748, 55
1351901783.186781, 55
1351901814.486266, 55
1351901845.761892, 55
1351901876.633317, 55
1351901908.371404, 55
1351901939.187622, 55
1351901970.40499, 55
1351902001.448693, 55
1351902048.27322, 55
1351902079.556614, 55
1351902110.697692, 55
1351902141.933092, 55
1351902173.209829, 55
1351902204.200267, 55
1351902235.493371, 55
1351902266.582571, 55
1351902297.82241, 55
1351902345.105792, 55
1351902375.981932, 55
1351902407.161016, 55
1351902438.307919, 55
1351902469.686192, 55
1351902500.780108, 55
1351902531.964463, 55
1351902564.492092, 55
1351902610.137856, 55
1351902641.005396, 55
1351902672.373681, 55
1351902703.278119, 55
1351902734.959335, 55
1351902765.922863, 55
1351902796.994308, 55
1351902828.282974, 55
1351902859.370786, 55
1351902906.92604, 55
1351902937.588289, 55
1351902969.636811, 55
1351903000.039671, 55
1351903031.093361, 55
1351903062.301574, 55
1351903093.692886, 55
1351903124.743524, 55
1351903156.805085, 55
1351903202.768774, 55
1351903233.92178, 55
1351903264.976025, 55
1351903296.354852, 55
1351903327.419916, 55
new stimulus
new stimulus
1351967023.650429, 55
1351967521.725681, 55
1351967552.613751, 55
1351967583.891042, 55
1351967614.689782, 55
1351967645.821704, 55
1351967677.085957, 55
1351967708.292506, 55
1351967739.435803, 55
1351967770.526112, 55
1351967817.897436, 55
1351967848.748608, 55
1351967879.963757, 55
1351967911.142287, 55
1351967942.19126, 55
1351967973.345654, 55
1351968004.589378, 55
1351968035.819507, 55
1351968082.744738, 55
1351968114.070023, 55
1351968145.037435, 55
1351968176.316946, 55
1351968207.535978, 55
1351968238.809108, 55
1351968269.769307, 55
1351968301.680229, 55
1351968332.163541, 55
1351968378.895686, 55
1351968410.236784, 55
1351968441.393952, 55
1351968472.473997, 55
1351968503.786521, 55
1351968535.228323, 55
1351968566.509221, 55
1351968597.49411, 55
1351968628.569161, 55
1351968675.457772, 55
1351968706.61716, 55
1351968738.019013, 55
1351968768.939541, 55
1351968800.557505, 55
1351968831.858377, 55
1351968862.864073, 55
1351968893.779885, 55
1351968940.58305, 55
1351968971.719412, 55
1351969002.991432, 55
1351969034.08507, 55
1351969065.486369, 55
1351969096.555872, 55
1351969127.711375, 55
1351969159.347095, 55
1351969190.286764, 55
1351969237.08771, 55
1351969268.093684, 55
1351969299.42424, 55
1351969332.528349, 55
1351969363.371477, 55
1351969392.992009, 55
1351969424.624677, 55
1351969455.424526, 55
1351969486.560888, 55
1351969533.290536, 55
1351969564.956772, 55
1351969595.792964, 55
1351969626.975377, 55
1351969656.780117, 55
1351969689.516089, 55
1351969720.421081, 55
1351969751.774663, 55
1351969798.793662, 55
1351969830.358639, 55
1351969861.353793, 55
1351969892.172784, 55
1351969923.661748, 55
1351969954.861084, 55
1351969985.96249, 55
1351970017.060013, 55
1351970048.284594, 55
1351970095.04143, 55
1351970126.127855, 55
1351970158.408024, 55
1351981354.798331, 53
new stimulus
1352002115.872705, 55
1352002621.777337, 55
1352002652.125268, 55
1352002683.434462, 55
1352002714.492591, 55
1352002745.73243, 55
1352002776.600526, 55
1352002807.927752, 55
1352002839.036649, 55
1352002870.326979, 55
1352002917.064951, 55
1352002948.259848, 55
1352002979.567933, 55
1352003010.786411, 55
1352003041.772687, 55
1352003073.097695, 55
1352003104.237663, 55
1352003135.506354, 55
1352003182.639373, 55
1352003214.320312, 55
1352003244.772831, 55
1352003275.936657, 55
1352003307.853404, 55
1352003338.405516, 55
1352003369.781015, 55
1352003400.737885, 55
1352003431.944433, 55
1352003478.808631, 55
1352003509.897276, 55
1352003541.221729, 55
1352003572.532033, 55
1352003603.520807, 55
1352003634.936809, 55
1352003665.712523, 55
1352003697.663115, 55
1352003728.422738, 55
1352003775.150723, 55
1352003806.373085, 55
1352003837.375174, 55
1352003868.886331, 55
1352003899.965544, 55
1352003931.048086, 55
1352003962.288203, 55
1352003993.457577, 55
1352004040.226065, 55
1352004071.380736, 55
1352004102.71684, 55
1352004134.237707, 55
1352004165.459237, 55
1352004196.354797, 55
1352004227.923658, 55
1352004258.722952, 55
1352004289.935605, 55
1352004337.283902, 55
1352004368.157823, 55
1352004399.077796, 55
1352004430.434153, 55
1352004461.437629, 55
1352004492.696056, 55
1352004523.831308, 55
1352004555.438175, 55
1352004586.227483, 55
1352004633.056448, 55
1352004664.295733, 55
1352004695.636554, 55
1352004726.64863, 55
1352004757.959767, 55
1352004789.104728, 55
1352004820.269387, 55
1352004851.590788, 55
1352004898.349288, 55
1352004929.680677, 55
1352004960.621179, 55
1352004992.402267, 55
1352005022.972134, 55
1352005054.251368, 55
1352005085.427123, 55
1352005116.723556, 55
1352005147.877118, 55
1352005194.744922, 55
1352005226.054672, 55
1352005257.026522, 55
1352005288.032218, 55
1352005320.116805, 55
1352005350.840641, 55
1352005381.923738, 55
1352005413.01266, 55
1352005444.369294, 55
1352005491.103936, 55
1352005522.259994, 55
1352005553.807216, 55
1352005584.704718, 55
1352005616.384548, 55
1352005647.262352, 55
1352005678.500805, 55
1352005707.708257, 55
1352005754.684533, 55
1352005784.769746, 55
1352005816.560543, 55
1352005849.822228, 55
1352005881.036822, 55
1352005912.364327, 55
1352005943.466011, 55
1352005974.787689, 55
1352006005.947077, 55
1352006052.789358, 55
1352006083.702673, 55
1352006115.17943, 55
1352006146.466709, 55
1352006177.770355, 55
1352006208.665637, 55
1352006239.899373, 55
1352006270.966657, 55
1352006302.388485, 55
1352006349.473787, 55
1352006380.40458, 55
1352006411.505431, 55
1352006442.583256, 55
1352006473.775379, 55
1352006504.951967, 55
1352006536.30111, 55
1352006567.759835, 55
1352006614.539142, 55
1352006645.567587, 55
1352006676.773858, 55
1352006707.78427, 55
1352006739.29515, 55
1352006770.239259, 55
1352006801.504898, 55
1352006832.963068, 55
1352006864.047275, 55
1352006910.683987, 55
1352006941.858078, 55
1352006972.992497, 55
1352007004.290595, 55
1352007035.371195, 55
1352007066.519763, 55
1352007097.846157, 55
1352007129.152578, 55
1352007164.656935, 55
new stimulus
1352046725.799444, 55
1352047237.299383, 55
1352047267.938051, 55
1352047299.091335, 55
1352047329.967752, 55
1352047361.241992, 55
1352047392.30345, 55
1352047423.616806, 55
1352047454.658289, 55
1352047486.040168, 55
1352047532.923508, 55
1352047564.656047, 55
1352047595.201224, 55
1352047626.452438, 55
1352047657.507515, 55
1352047688.726548, 55
1352047719.874561, 55
1352047751.547455, 55
1352047798.182225, 55
1352047829.175437, 55
1352047860.550936, 55
1352047891.524451, 55
1352047923.241732, 55
1352047954.123421, 55
1352047985.265331, 55
1352048016.439144, 55
1352048047.96223, 55
1352048094.313477, 55
1352048125.687033, 55
1352048157.069744, 55
1352048191.447494, 55
1352048219.544985, 55
1352048250.370912, 55
1352048281.450124, 55
1352048312.646963, 55
1352048343.846577, 55
1352048391.44067, 55
1352048422.169222, 55
1352048453.038982, 55
1352048484.330422, 55
1352048515.53808, 55
1352048547.048683, 55
1352048578.204464, 55
1352048609.343044, 55
1352048656.182552, 55
1352048687.268422, 55
1352048718.249983, 55
1352048749.530881, 55
1352048780.809559, 55
1352048811.979766, 55
1352048843.050656, 55
1352048874.186462, 55
1352048905.684581, 55
1352048952.864484, 55
1352048983.883496, 55
1352049014.662817, 55
1352049046.056625, 55
1352049077.10754, 55
1352049108.387051, 55
1352049139.490677, 55
1352049170.823452, 55
1352049201.763954, 55
1352049248.787947, 55
1352049279.824437, 55
1352049311.133909, 55
1352049342.220334, 55
1352049373.383883, 55
1352049405.131681, 55
1352049436.37901, 55
1352049467.292602, 55
1352049514.716081, 55
1352049547.647358, 55
1352049576.886436, 55
1352049607.716247, 55
1352049638.703078, 55
1352049670.134893, 55
1352049701.052092, 55
1352049732.438132, 55
1352049763.521229, 55
1352049810.215922, 55
1352049841.685189, 55
1352049872.766066, 55
1352049904.031983, 55
1352049935.480721, 55
1352049966.626237, 55
1352049997.69574, 55
1352050028.789378, 55
1352050060.006747, 55
1352050106.804918, 55
1352050137.911873, 55
1352050170.695284, 55
1352050201.233248, 55
1352050232.095794, 55
1352050263.158084, 55
1352050294.165445, 55
1352050325.867745, 55
1352050372.182095, 55
1352050403.571741, 55
1352050434.41043, 55
1352050465.386997, 55
1352050496.819921, 55
1352050527.95545, 55
1352050559.585344, 55
1352050590.286709, 55
1352050621.469954, 55
1352050668.351907, 55
1352050699.465798, 55
1352050731.093472, 55
1352050762.171297, 55
1352050793.52377, 55
1352050824.194341, 55
1352050855.632814, 55
1352050886.547793, 55
1352050918.086693, 55
new stimulus
1352084447.403726, 55
1352084957.8994, 55
1352084988.244279, 55
1352085019.491054, 55
1352085050.691777, 55
1352085081.488575, 55
1352085112.98281, 55
1352085143.993777, 55
1352085175.536005, 55
1352085206.48483, 55
1352085253.256369, 55
1352085284.300627, 55
1352085315.425336, 55
1352085346.767267, 55
1352085377.946628, 55
1352085409.100745, 55
1352085440.780574, 55
1352085471.967149, 55
1352085518.62439, 55
1352085549.645622, 55
1352085581.070779, 55
1352085612.047623, 55
1352085643.079396, 55
1352085674.449901, 55
1352085705.762148, 55
1352085736.888522, 55
1352085767.891444, 55
1352085814.902397, 55
1352085845.843454, 55
1352085877.575994, 55
1352085908.332843, 55
1352085939.464488, 55
1352085970.611391, 55
1352086001.87925, 55
1352086033.290259, 55
1352086064.346723, 55
1352086111.293038, 55
1352086142.393334, 55
1352086173.650651, 55
1352086204.930994, 55
1352086236.034897, 55
1352086267.06778, 55
1352086298.451879, 55
1352086329.541079, 55
1352086376.462703, 55
1352086407.874821, 55
1352086439.702238, 55
1352086470.18444, 55
1352086501.325795, 55
1352086532.267407, 55
1352086563.923378, 55
1352086594.94461, 55
1352086626.483787, 55
1352086672.928801, 55
1352086703.991646, 55
1352086735.430119, 55
1352086766.290169, 55
1352086797.602693, 55
1352086828.687176, 55
1352086860.051578, 55
1352086891.150765, 55
1352086922.438598, 55
1352086969.139395, 55
1352087000.383673, 55
1352087031.72921, 55
1352087062.719648, 55
1352087094.035778, 55
1352087125.269237, 55
1352087156.58509, 55
1352087187.561102, 55
1352087234.375086, 55
1352087265.545016, 55
1352087296.770429, 55
1352087327.821622, 55
1352091537.467389, 53
1352092040.249645, 53
1352092070.370923, 53
new stimulus
1352107507.674301, 55
1352108014.476944, 55
1352108044.807675, 55
1352108076.788229, 55
1352108107.002997, 55
1352108138.192901, 55
1352108169.604464, 55
1352108200.83709, 55
1352108231.808663, 55
1352108263.071251, 55
1352108309.746248, 55
1352108341.309838, 55
1352108372.191527, 55
1352108403.581174, 55
1352108434.743058, 55
1352108465.843077, 55
1352108496.963071, 55
1352108528.377963, 55
1352108575.817255, 55
1352108606.150204, 55
1352108637.520987, 55
1352108668.674826, 55
1352108699.87971, 55
1352108730.9592, 55
1352108763.225775, 55
1352108793.626138, 55
1352108824.769158, 55
1352108871.373135, 55
1352108902.521702, 55
1352108933.760432, 55
1352108964.967258, 55
1352108996.077265, 55
1352109027.389511, 55
1352109058.676512, 55
1352109089.784022, 55
1352109120.93897, 55
1352109167.985989, 55
1352109199.115415, 55
1352109230.081717, 55
1352109261.484403, 55
1352109292.555292, 55
1352109323.793467, 55
1352109355.051062, 55
1352109386.157184, 55
1352109433.157596, 55
1352109464.184376, 55
1352109495.349312, 55
1352109526.735907, 55
1352109558.412407, 55
1352109589.004191, 55
1352109620.251521, 55
1352109651.435321, 55
1352109682.515643, 55
1352109729.448919, 55
1352109761.086581, 55
1352109792.088115, 55
1352109823.237515, 55
1352109854.09812, 55
1352109885.534651, 55
1352109916.665742, 55
1352109947.833174, 55
1352109978.839148, 55
1352110025.718049, 55
1352110057.040837, 55
1352110088.202721, 55
1352110119.283876, 55
1352110150.503741, 55
1352110181.777703, 55
1352110212.986471, 55
1352110244.118671, 55
1352110291.123245, 55
1352110322.422175, 55
1352110354.283715, 55
1352110385.416747, 55
1352110417.557096, 55
1352110449.141492, 55
1352110478.205795, 55
1352110509.48919, 55
1352110540.560912, 55
1352110587.531917, 55
1352110618.557587, 55
1352110649.727794, 55
1352110680.971795, 55
1352110712.150602, 55
1352110743.323028, 55
1352110775.713055, 55
1352110806.133393, 55
1352110837.058914, 55
1352110883.77053, 55
1352110914.833098, 55
1352110946.283777, 55
1352110977.185995, 55
1352111008.814501, 55
1352111039.783023, 55
1352111071.016482, 55
1352111102.127043, 55
1352111149.038957, 55
1352111180.193629, 55
1352111211.43652, 55
1352111242.497977, 55
1352111273.804953, 55
1352111305.10638, 55
1352111336.024133, 55
1352111368.156714, 55
1352111398.930763, 55
1352111445.43792, 55
1352111476.804818, 55
1352111507.820224, 55
1352111538.969624, 55
1352111570.757093, 55
1352111601.392154, 55
1352111632.599258, 55
1352111664.012486, 55
1352111695.06035, 55
1352111742.01471, 55
1352111773.037606, 55
1352111804.643641, 55
1352111835.49953, 55
1352111866.465554, 55
1352111897.721762, 55
1352111928.851188, 55
1352111960.052466, 55
1352112006.967154, 55
1352112038.107954, 55
1352112069.541156, 55
1352112100.4148, 55
1352112131.760337, 55
1352112163.29341, 55
1352112194.172602, 55
1352112225.234615, 55
1352112256.677526, 55
1352112303.403291, 55
1352112334.607621, 55
1352112365.591401, 55
1352112396.980492, 55
1352112428.005608, 55
1352112459.338938, 55
1352112490.556584, 55
1352112521.85496, 55
1352112553.170812, 55
1352112599.753428, 55
1352112631.31036, 55
1352112662.16819, 55
1352112693.382507, 55
1352112724.809051, 55
1352112755.753437, 55
1352112787.637448, 55
1352112819.008508, 55
1352112865.106746, 55
1352112896.103842, 55
1352112927.277932, 55
1352112958.53303, 55
1352112989.631662, 55
1352113020.868172, 55
1352113052.358523, 55
1352113083.341193, 55
1352113114.470897, 55
1352113161.656071, 55
1352113192.643457, 55
1352113223.673289, 55
1352113255.198872, 55
1352113286.255613, 55
1352113317.558427, 55
1352113348.541652, 55
1352113379.821718, 55
1352113411.021054, 55
new stimulus
1352137348.297799, 49
1352142013.086787, 55
1352142521.258782, 55
1352142552.113838, 55
1352142583.172799, 55
1352142613.986242, 55
1352142645.289333, 55
1352142676.242319, 55
1352142707.561224, 55
1352142738.744469, 55
1352142769.974877, 55
1352142817.047973, 55
1352142847.921338, 55
1352142879.048545, 55
1352142910.318346, 55
1352142941.383688, 55
1352142973.319577, 55
1352143003.934386, 55
1352143035.145929, 55
1352143081.986268, 55
1352143113.0763, 55
1352143144.45596, 55
1352143175.597038, 55
1352143206.740612, 55
1352143238.536126, 55
1352143269.47968, 55
1352143300.396046, 55
1352143331.727989, 55
1352143378.31865, 55
1352143409.415618, 55
1352143440.995298, 55
1352143472.247899, 55
1352143503.134859, 55
1352143534.267336, 55
1352143565.895842, 55
1352143596.706789, 55
1352143627.890589, 55
1352143674.684322, 55
1352143706.214622, 55
1352143737.003652, 55
1352143768.470422, 55
1352143799.568776, 55
1352143830.89101, 55
1352143861.901699, 55
1352143893.289959, 55
1352143939.928059, 55
1352143971.160963, 55
1352144002.395531, 55
1352144033.580996, 55
1352144064.750925, 55
1352144095.869809, 55
1352144127.201753, 55
1352144158.909047, 55
1352144189.594321, 55
1352144237.317415, 55
1352144268.657958, 55
1352144298.975373, 55
1352144330.061521, 55
1352144361.246153, 55
1352144392.429121, 55
1352144423.384327, 55
1352144454.753444, 55
1352144485.756089, 55
1352144532.6361, 55
1352144564.308994, 55
1352144595.360464, 55
1352144626.50709, 55
1352144658.053202, 55
1352144688.663296, 55
1352144719.923387, 55
1352144751.114955, 55
1352144797.818249, 55
1352144829.21178, 55
1352144860.24605, 55
1352144891.485335, 55
1352144922.656374, 55
1352144953.96751, 55
1352144985.754702, 55
1352145016.464389, 55
1352145047.406833, 55
1352145094.182811, 55
1352145125.445122, 55
1352145157.182377, 55
1352145187.940614, 55
1352145219.161311, 55
1352145251.149356, 55
1352145281.586338, 55
1352145312.7657, 55
1352145343.933132, 55
1352145390.826182, 55
1352145421.923705, 55
1352145453.177415, 55
1352145484.379525, 55
1352145515.574977, 55
1352145546.74019, 55
1352145578.096547, 55
1352145609.151069, 55
1352145655.988912, 55
1352145687.001543, 55
1352145718.312125, 55
1352145749.440164, 55
1352145780.643938, 55
1352145811.791119, 55
1352145843.119734, 55
1352145874.337657, 55
1352145905.534218, 55
1352145952.664186, 55
1352145983.421867, 55
1352146014.698049, 55
1352146045.925959, 55
1352146077.291471, 55
1352146108.359864, 55
1352146139.518696, 55
1352146170.789052, 55
1352146202.111286, 55
1352146248.827063, 55
1352146280.338775, 55
1352146311.28011, 55
1352155460.268854, 55
new stimulus
1352179597.587601, 50
1352180101.60022, 50
1352180131.908757, 50
1352180163.394946, 50
1352180194.350429, 50
1352180225.521191, 50
1352180256.535764, 50
1352180287.586402, 50
1352180318.966062, 50
1352180350.132385, 50
1352180397.006293, 50
1352180428.001724, 50
1352180459.29039, 50
1352180490.53439, 50
1352180521.900734, 50
1352180553.317013, 50
1352180584.194263, 50
1352180615.69904, 50
1352180662.310785, 50
1352180693.143092, 50
1352180724.462829, 50
1352180756.052497, 50
1352180786.919759, 50
1352180818.247819, 50
1352180849.514291, 50
1352180880.32385, 50
1352180911.580335, 50
1352180958.480042, 50
1352180989.585887, 50
1352181021.067916, 50
1352181052.064179, 50
1352181083.287651, 50
1352181114.319702, 50
1352181145.676058, 50
1352181176.793, 50
1352181208.658424, 50
1352181254.953354, 50
1352181286.076954, 50
1352181317.110392, 50
1352181348.503923, 50
1352181379.659426, 50
1352181410.973615, 50
1352181442.002614, 50
1352181473.91298, 50
1352181520.231768, 50
1352181551.467724, 50
1352181582.698963, 50
1352181613.572607, 50
1352181644.962254, 50
1352181676.094454, 50
1352181707.358984, 50
1352181738.487855, 50
1352181770.305008, 50
1352181816.462614, 50
1352181847.759047, 50
1352181878.939796, 50
1352181910.150506, 50
1352181941.166189, 50
1352181972.439319, 50
1352182003.537951, 50
1352182034.755597, 50
1352182066.042598, 50
1352182111.55742, 50
1352182144.048151, 50
1352182175.23639, 50
1352182206.504249, 50
1352182237.554333, 50
1352182268.93316, 50
1352182299.932475, 50
1352182331.521033, 50
1352182378.093107, 50
1352182409.281346, 50
1352182440.375262, 50
1352182471.553791, 50
1352182502.812773, 50
1352182533.917508, 50
1352182565.53686, 50
1352182596.487071, 50
1352182627.789053, 50
1352182675.159267, 50
1352182705.665883, 50
1352182736.79725, 50
1352182768.945644, 50
1352182799.568222, 50
1352182830.672957, 50
1352182861.579891, 50
1352182892.877434, 50
1352182923.986053, 50
1352182970.902684, 50
1352195353.043365, 50
new stimulus
1352220455.591811, 55
1352220957.720186, 55
1352220988.085317, 55
1352221019.216684, 55
1352221050.190477, 55
1352221081.778203, 55
1352221112.650737, 55
1352221143.772117, 55
1352221175.045525, 55
1352221206.182718, 55
1352221252.818599, 55
1352221284.158864, 55
1352221315.804293, 55
1352221346.739802, 55
1352221377.604013, 55
1352221408.937898, 55
1352221440.095899, 55
1352221471.529933, 55
1352221518.182458, 55
1352221549.789049, 55
1352221581.483304, 55
1352221611.945532, 55
1352221643.051377, 55
1352221674.108118, 55
1352221705.495823, 55
1352221736.518997, 55
1352221771.42135, 55
1352221815.085218, 55
1352221845.855106, 55
1352221876.821408, 55
1352221908.323411, 55
1352221939.462824, 55
1352221970.457978, 55
1352222001.725559, 55
1352222032.986205, 55
1352222064.222438, 55
1352222110.931558, 55
1352222142.240752, 55
1352222173.385714, 55
1352222204.607244, 55
1352222235.703656, 55
1352222266.878856, 55
1352222298.041573, 55
1352222329.921423, 55
1352222376.358392, 55
1352222407.257836, 55
1352222438.456617, 55
1352222469.792999, 55
1352222501.127439, 55
1352222532.254646, 55
1352222563.635693, 55
1352222594.667744, 55
1352222625.66373, 55
1352222672.903556, 55
1352222703.866529, 55
1352222734.977645, 55
1352222766.103742, 55
1352222797.262297, 55
1352222828.580647, 55
1352222859.812718, 55
1352222891.830724, 55
1352222922.129828, 55
1352222968.896374, 55
1352223000.022471, 55
1352223031.380492, 55
1352223062.546814, 55
1352223093.737828, 55
1352223124.798453, 55
1352223156.458863, 55
1352223187.415456, 55
1352223234.029142, 55
1352223265.36386, 55
1352223296.691919, 55
1352223329.111076, 55
1352223357.092604, 55
1352223390.421979, 55
1352223421.369972, 55
1352223452.601766, 55
1352223484.020542, 55
1352223530.633397, 55
1352223561.955353, 55
1352223592.91999, 55
1352223624.093526, 55
1352223655.334475, 55
1352223686.464456, 55
1352223717.717612, 55
1352223748.874225, 55
1352223780.14791, 55
1352223826.96772, 55
1352223857.988674, 55
1352223889.270682, 55
1352223920.752155, 55
1352223951.824709, 55
1352223982.783799, 55
1352224014.36126, 55
1352224045.371672, 55
1352224092.061649, 55
1352224123.338663, 55
1352224154.974938, 55
1352224185.667147, 55
1352224216.818212, 55
1352224248.0722, 55
1352224279.412466, 55
1352224310.55715, 55
1352224346.312851, 55
1352224389.472922, 55
1352224419.84471, 55
1352224450.960543, 55
1352224482.160988, 55
1352224513.413589, 55
1352224544.625409, 55
1352224576.00174, 55
1352224606.876493, 55
1352224638.314966, 55
1352224685.637186, 55
1352224716.386822, 55
1352224747.302634, 55
1352224778.7117, 55
1352224809.882462, 55
1352224840.776635, 55
1352224871.987345, 55
1352224903.254927, 55
1352224950.381565, 55
1352224981.208879, 55
1352225012.499209, 55
1352225043.716577, 55
1352225074.850164, 55
1352225106.076133, 55
1352225137.643607, 55
1352225168.657348, 55
1352225199.815071, 55
1352225246.342202, 55
1352225277.920495, 55
1352225308.732274, 55
1352225340.008178, 55
1352225371.935467, 55
1352225402.777207, 55
1352225433.727142, 55
1352225465.158402, 55
1352225496.290879, 55
1352225544.444808, 55
1352225574.853216, 55
1352225605.65584, 55
1352225636.801634, 55
1352225667.744355, 55
1352225699.070472, 55
1352225730.131375, 55
1352225761.400066, 55
1352225808.012366, 55
1352225839.267464, 55
1352225870.395225, 55
1352225901.639226, 55
1352225932.797503, 55
1352225964.075904, 55
1352225995.430596, 55
1352226026.705668, 55
