new stimulus
new stimulus
new stimulus
new stimulus
new stimulus
new stimulus
new stimulus
new stimulus
new stimulus
new stimulus
new stimulus
269109608.782906, 55
269110105.664701, 55
269110151.318107, 55
269110182.358949, 55
269110213.439463, 55
269110244.869249, 55
269110275.841013, 55
269110308.001802, 55
269110338.451184, 55
269110369.641278, 55
269110401.36291, 55
269110447.614434, 55
269110478.562618, 55
269110510.03901, 55
269110541.007446, 55
269110573.023698, 55
269110603.458377, 55
269110634.895099, 55
269110666.212806, 55
269110712.821093, 55
269111531.041674, 55
269112039.469982, 55
269112069.849455, 55
269112100.934407, 55
269112132.115624, 55
269112163.284912, 55
269112192.760549, 55
269112241.262229, 55
269112272.250639, 55
269112303.597753, 55
269112335.145998, 55
269112365.909974, 55
269112397.360289, 55
269112428.330944, 55
new stimulus
new stimulus
new stimulus
269223006.532417, 55
269223508.343417, 55
269223539.507989, 55
269225202.389255, 55
269225702.336822, 55
269225733.46311, 55
269225764.238461, 55
269225795.801964, 55
269225827.041716, 55
269225857.794319, 55
269225889.131169, 55
269225920.223057, 55
269225951.392899, 55
new stimulus
new stimulus
269287792.842166, 55
269288289.730341, 55
269288322.887346, 55
269288354.890837, 55
269288387.938539, 55
269288420.899407, 55
269288453.714908, 55
269288486.575073, 55
269288519.629987, 55
269288552.727624, 55
269288585.719287, 55
269289164.873144, 55
new stimulus
