new stimulus
new stimulus
new stimulus
new stimulus
new stimulus
270222873.709925, 55
new stimulus
270261300.860447, 55
270261797.859313, 55
new stimulus
270305220.664321, 50
270305716.523545, 50
270305749.44502, 50
270305781.947313, 50
270305815.70743, 50
270305847.726456, 50
270305880.873752, 50
new stimulus
270334671.825575, 50
270335179.765901, 50
270335210.198361, 50
270335241.592082, 50
new stimulus
new stimulus
new stimulus
270439721.861945, 50
270440218.697134, 50
270440250.85487, 50
270440284.952608, 50
270440316.362142, 50
270440349.148236, 50
270440382.212305, 50
270440415.425071, 50
270440448.57736, 50
270440481.213092, 50
270440514.274387, 50
270440547.89302, 50
270440580.295719, 50
270440613.364504, 50
270440646.15032, 50
270440679.14115, 50
270440712.358078, 50
270440745.679871, 50
270440778.245138, 50
270440811.19491, 50
270440844.309747, 50
270440877.280048, 50
270440910.364092, 50
270440943.336612, 50
270440976.118822, 50
270441023.906145, 50
270441042.802911, 50
270441076.087806, 50
270441110.495145, 50
new stimulus
new stimulus
270510530.498208, 55
270511034.001472, 55
270511062.919771, 55
new stimulus
270550539.154555, 50
270551041.182498, 50
270551059.395145, 50
270551092.29304, 50
270551125.148211, 50
270551158.184538, 50
270551191.204775, 50
270551224.244154, 50
270551257.196977, 50
270551290.298221, 50
270551323.108728, 50
270551356.088739, 50
270551389.134775, 50
270551422.044876, 50
270551455.063171, 50
270551488.39828, 50
270551521.94617, 50
270551554.767774, 50
270551587.209034, 50
270551620.055328, 50
270551653.079171, 50
270551685.931569, 50
270551719.321329, 50
270551752.160133, 50
270551785.105189, 50
270551818.15511, 50
270551851.168411, 50
270551884.033292, 50
270551917.037439, 50
270551950.225237, 50
270551983.430791, 50
270552016.533976, 50
270552052.758141, 50
270552084.025635, 50
270552114.821516, 50
270552161.497492, 50
270552192.637929, 50
270552223.994476, 50
270552255.124925, 50
270552288.857299, 50
270552318.073548, 50
270552348.590066, 50
270552380.102246, 50
270552426.543247, 50
270552457.838762, 50
270552489.233592, 50
270552520.185105, 50
270552552.96898, 50
270552582.950354, 50
270552613.914351, 50
270552645.800771, 50
270552676.234617, 50
270552723.257092, 50
270552754.083489, 50
270552785.471106, 50
270552816.81295, 50
270552847.848244, 50
270552879.299668, 50
270552910.382401, 50
270552943.539961, 50
270552974.808843, 50
270553019.670768, 50
270553051.314722, 50
270553071.334763, 50
270553104.198535, 50
270553137.136655, 50
270553170.926456, 50
270553203.574949, 50
270553236.272824, 50
270553269.13715, 50
270553302.418162, 50
270553335.264733, 50
270553368.253067, 50
270553401.152071, 50
270553434.194224, 50
270553467.494655, 50
270553500.373685, 50
270553533.505999, 50
270553566.500158, 50
270553599.395279, 50
270553632.282354, 50
270553665.278455, 50
270553698.527563, 50
270553731.512567, 50
270553764.253997, 50
270553797.739745, 50
270553830.382412, 50
270553863.327746, 50
270553896.207608, 50
270553930.551417, 50
270553963.158852, 50
270553996.606039, 50
270554030.62166, 50
270554076.764157, 50
270554107.980607, 50
270554138.975675, 50
new stimulus
270578085.269033, 55
270578581.806272, 55
270578614.487779, 55
270578647.545467, 55
270578680.277464, 55
270578713.492727, 55
270578746.109872, 55
270578779.130664, 55
270578812.401134, 55
270578844.930337, 55
270578878.052386, 55
270578911.058197, 55
270578943.914201, 55
270578976.93416, 55
270579023.614299, 55
270579054.985549, 55
270579087.534171, 55
270579119.176183, 55
270579148.634342, 55
270579179.789759, 55
270579210.861118, 55
270579242.012651, 55
270579288.805422, 55
270579319.985807, 55
270579351.234992, 55
270579382.598197, 55
270579413.688975, 55
270579444.843559, 55
270579476.007299, 55
270579507.14829, 55
270579538.346985, 55
270579585.332285, 55
270579616.463012, 55
270579647.648945, 55
270579678.940298, 55
270579710.332077, 55
270579741.264726, 55
270579772.39573, 55
270579803.563908, 55
270579850.380814, 55
270579881.842504, 55
270579912.934114, 55
270579944.102015, 55
270579975.090702, 55
270580006.688327, 55
270580037.686724, 55
270580066.620559, 55
270580099.793099, 55
270580132.563935, 55
270580165.790295, 55
270580198.57417, 55
270580231.467625, 55
270580264.545288, 55
270580297.531957, 55
270580330.728078, 55
270580363.677573, 55
270580396.742752, 55
270580429.680594, 55
270580462.577102, 55
270580495.804294, 55
new stimulus
270618125.247805, 55
new stimulus
270656492.381759, 50
