new stimulus
new stimulus
269462748.738153, 50
new stimulus
new stimulus
new stimulus
new stimulus
269598580.740701, 55
new stimulus
new stimulus
new stimulus
new stimulus
new stimulus
269770895.460237, 55
269771382.227563, 55
269771414.628597, 55
269771448.015306, 55
269771480.378057, 55
269771513.519526, 55
269771546.36804, 55
269771579.319476, 55
269771613.059341, 55
269771645.313343, 55
269771678.266721, 55
269771711.777992, 55
269771744.306363, 55
269771777.865072, 55
269771810.182326, 55
269771843.678893, 55
269771876.809543, 55
269771909.933813, 55
269771943.697258, 55
269771975.405019, 55
269772008.626663, 55
269772041.41997, 55
269772074.432162, 55
269772107.223527, 55
269772140.761707, 55
269772173.329749, 55
269772206.286179, 55
269772239.34137, 55
269772272.407104, 55
269772305.328024, 55
269772338.500565, 55
269772371.263078, 55
269772404.337134, 55
269772437.218106, 55
new stimulus
269818637.539192, 50
new stimulus
269848479.036175, 50
269848975.585065, 50
269849009.423415, 50
269849041.877159, 50
269849073.584365, 50
269849106.895893, 50
269849146.163082, 50
269849177.485783, 50
269849208.518025, 50
269849240.102334, 50
269849286.677053, 50
269849317.565869, 50
269849348.835028, 50
269849380.206833, 50
269849411.482373, 50
269849442.518222, 50
269849473.536593, 50
269849505.201077, 50
269849535.916227, 50
269849583.645847, 50
269849614.036971, 50
269849645.248982, 50
269849676.436302, 50
269849707.631667, 50
269849739.135802, 50
269849770.048476, 50
269849801.175596, 50
269849832.671963, 50
269849879.066358, 50
269849910.38684, 50
269849941.876549, 50
269849972.677145, 50
269850003.914123, 50
269850035.239599, 50
269850063.745652, 50
269850096.620243, 50
269850143.366407, 50
269850174.555392, 50
269850205.707757, 50
269850237.205788, 50
269850268.232205, 50
269850299.32437, 50
269850331.369751, 50
269850361.887934, 50
269850408.745344, 50
269850441.59358, 50
269850472.251582, 50
269850503.728252, 50
269850533.406128, 50
269850564.648655, 50
269850595.806291, 50
269850626.970031, 50
269850660.17392, 50
269850705.321311, 50
269850737.007988, 50
269850767.803035, 50
269850798.492109, 50
269850829.6847, 50
269850860.802665, 50
269850892.010237, 50
269850923.26081, 50
269850954.538569, 50
269851001.457289, 50
269851032.769448, 50
269851063.565606, 50
269851095.212057, 50
269851126.08506, 50
269851157.382794, 50
269851188.602295, 50
269851219.611789, 50
269851266.523295, 50
269851297.862365, 50
269851329.162595, 50
269851360.146289, 50
269851392.878286, 50
269851424.242878, 50
269851453.511559, 50
269851484.856176, 50
269851516.255446, 50
269851562.77468, 50
269851593.894588, 50
269851625.085237, 50
269851656.247589, 50
269851687.533949, 50
269851719.19011, 50
269851750.025661, 50
269851781.27762, 50
269851812.36923, 50
269851859.558158, 50
269851890.31936, 50
269851921.623752, 50
269851952.73284, 50
269851983.87827, 50
269852015.235371, 50
269852046.415479, 50
269852076.411833, 50
269852109.516128, 50
269852142.340229, 50
269852175.334111, 50
269852208.340754, 50
269852241.392339, 50
269852274.376511, 50
269852307.605368, 50
269852341.973868, 50
269852373.532654, 50
269852406.396703, 50
269852439.437746, 50
269852472.449383, 50
269852505.612214, 50
269852538.426604, 50
269852571.47708, 50
269852604.334193, 50
269852637.347772, 50
269852670.382157, 50
269852703.419594, 50
269852736.535263, 50
269852769.461454, 50
269852802.425652, 50
269852835.616225, 50
269852868.817617, 50
269852901.561543, 50
269852934.475805, 50
269852967.319048, 50
269853000.402259, 50
269853046.992236, 50
269853077.73929, 50
269853109.185998, 50
269853140.354177, 50
269853171.658013, 50
269853202.838121, 50
269853233.975783, 50
269853265.066006, 50
269853311.842964, 50
269853342.996994, 50
269853374.205953, 50
269853407.267803, 50
269853436.849414, 50
269853467.897192, 50
269853499.020706, 50
269853530.097613, 50
269853561.36594, 50
269853608.331266, 50
269853639.435638, 50
269853670.689539, 50
269853701.676284, 50
269853733.348813, 50
269853764.140254, 50
269853795.417459, 50
269853826.476056, 50
269853873.367589, 50
269853904.723581, 50
269853935.804926, 50
269853967.240261, 50
269853998.231722, 50
269854029.60963, 50
269854056.942472, 50
269854089.870605, 50
269854122.912481, 50
269854156.100279, 50
269854189.087225, 50
new stimulus
269885225.58992, 55
269885725.615998, 55
269885756.376091, 55
269885787.124254, 55
269885818.954635, 55
269885849.82209, 55
269885880.494241, 55
269885911.630238, 55
269885942.788429, 55
269885974.033453, 55
269886021.28258, 55
269886040.402947, 55
269886073.372971, 55
269886106.606821, 55
269886139.418438, 55
269886172.464197, 55
269886205.434221, 55
269886238.81982, 55
269886271.430584, 55
269886304.387292, 55
269886337.455245, 55
269886370.501282, 55
269886403.757325, 55
269886436.560897, 55
269886469.591953, 55
269886502.457389, 55
269886535.475684, 55
269886568.725902, 55
269886601.581629, 55
269886634.487013, 55
269886667.607954, 55
269886700.493919, 55
269886733.687266, 55
269886766.658676, 55
269886799.450874, 55
269886832.551007, 55
269886865.536844, 55
269886898.790669, 55
269886931.426401, 55
269886964.588122, 55
269886997.599758, 55
269887030.980087, 55
269887063.455747, 55
269887096.565868, 55
new stimulus
269915683.692232, 55
269916168.852184, 55
269916201.224367, 55
269916234.094241, 55
269916266.943865, 55
269916299.94274, 55
new stimulus
new stimulus
269987553.174826, 55
269988039.17453, 55
269988071.455441, 55
269988104.301735, 55
269988137.243462, 55
269988170.248441, 55
269988203.4318, 55
269988236.101378, 55
269988269.245899, 55
269988302.078322, 55
269988335.012558, 55
269988368.011989, 55
269988400.975631, 55
269988434.023055, 55
269988467.245254, 55
269988499.972812, 55
269988533.030501, 55
269988566.624443, 55
269988599.311498, 55
269988632.13005, 55
269988665.256261, 55
