new stimulus
new stimulus
270789709.790553, 55
new stimulus
270809254.283231, 55
new stimulus
270853274.01531, 55
270853786.761666, 55
new stimulus
270892778.195202, 55
270893276.215808, 55
270893307.219476, 55
270893354.417281, 55
270893384.112357, 55
270893415.17789, 55
270893446.54054, 55
270893478.637521, 55
270893508.899645, 55
270893539.873074, 55
270893571.199382, 55
new stimulus
new stimulus
new stimulus
271003023.831241, 55
new stimulus
new stimulus
271066367.944853, 55
new stimulus
new stimulus
271143646.111204, 55
271144143.714292, 55
271144176.32894, 55
271144208.974382, 55
271144241.873109, 55
271144275.610754, 55
271144308.06006, 55
new stimulus
271173952.64684, 55
new stimulus
271206166.325162, 55
271206663.994553, 55
271206696.873583, 55
271206729.637206, 55
271206762.222725, 55
271206795.17971, 55
271206828.020455, 55
271206861.274835, 55
271206895.736548, 55
271206928.168931, 55
271206960.119712, 55
271206993.401556, 55
271207027.956205, 55
new stimulus
271240893.867844, 50
271241399.658162, 50
271241430.270667, 50
271241461.491556, 50
271241492.952412, 50
271241523.455892, 50
271241554.73587, 50
271241601.589674, 50
271241632.681284, 50
271241663.795365, 50
271241695.424616, 50
271241726.394439, 50
271241758.298059, 50
271241788.583486, 50
271241819.886213, 50
271241851.348457, 50
new stimulus
271282770.11367, 55
271283257.641127, 55
271283304.662215, 55
271283334.815312, 55
271283365.83091, 55
271283396.781036, 55
271283428.088479, 55
271283459.172876, 55
271283490.365468, 55
271283521.572485, 55
271283552.902954, 55
271283599.447988, 55
271283630.694954, 55
271283661.891152, 55
271283693.230221, 55
271283724.924111, 55
271283755.503881, 55
271283786.905647, 55
271283818.010296, 55
271283865.170094, 55
271283896.104407, 55
271283927.200456, 55
271283958.422454, 55
271283989.665813, 55
271284020.787385, 55
271284054.876245, 55
271284084.095545, 55
271284114.69196, 55
271284161.321053, 55
271284192.429309, 55
271284223.516758, 55
271284254.688542, 55
271284285.829534, 55
271284317.593056, 55
271284348.40031, 55
271284379.466121, 55
271284410.962487, 55
271284457.754703, 55
271284488.656835, 55
271284519.851646, 55
271284551.271722, 55
271284582.199932, 55
271284613.465762, 55
271284645.126084, 55
271284676.19994, 55
271284725.334971, 55
271284755.872018, 55
271284786.500336, 55
271284816.215941, 55
271284847.529765, 55
271284878.767854, 55
271284909.972097, 55
271284941.131397, 55
271284972.545648, 55
271285004.442054, 55
271285051.643188, 55
271285070.381269, 55
271285103.297196, 55
271285136.210626, 55
271285169.665026, 55
271285202.357074, 55
271285235.246646, 55
271285268.157579, 55
271285301.165054, 55
271285334.158381, 55
271285367.410264, 55
271285400.750644, 55
271285433.514544, 55
271285467.011944, 55
271285499.548359, 55
new stimulus
271314820.551467, 55
271315305.518889, 55
