new stimulus
new stimulus
783640201.77837, 55
783640701.438254, 55
783640732.992514, 55
783640763.020688, 55
783640795.203859, 55
783640826.506499, 55
783640858.116798, 55
783640887.248352, 55
783640918.405347, 55
new stimulus
783682078.241204, 55
783682586.428411, 55
783682619.092349, 55
783682646.607657, 55
783682679.631686, 55
783682710.641649, 55
783682741.502082, 55
new stimulus
783722209.980558, 55
783722708.97186, 55
783722739.323506, 55
783722771.526096, 55
783722801.503225, 55
783722832.400556, 55
783722864.343203, 55
783722894.971991, 55
783722925.937567, 55
new stimulus
783752212.058986, 55
783752722.548775, 55
783752753.197815, 55
783752784.095146, 55
783752815.28765, 55
783752846.603329, 55
783752878.017215, 55
783752909.124275, 55
783752941.446155, 55
783759620.509408, 50
new stimulus
783785621.23819, 50
new stimulus
783812623.570456, 55
783813125.0086, 55
783813155.414065, 55
783813186.534995, 55
783813217.756629, 55
783813248.753553, 55
783813279.924974, 55
783813311.127743, 55
783813342.3405, 55
new stimulus
783861863.030453, 50
new stimulus
new stimulus
new stimulus
new stimulus
784005217.686442, 55
784005719.989857, 55
784005750.915762, 55
784005782.239763, 55
784005811.140782, 55
784005844.020276, 55
784005874.920935, 55
784005906.351466, 55
784005937.434667, 55
784005968.949811, 55
new stimulus
new stimulus
784064386.344797, 55
784064889.879955, 55
784064920.910169, 55
784064951.672118, 55
784064982.78001, 55
784065014.790071, 55
784065044.990245, 55
784065076.25377, 55
784065107.395229, 55
784065139.255206, 55
784065185.785685, 55
new stimulus
784099968.397469, 55
784100472.883898, 55
784100504.159629, 55
784100534.627236, 55
784100565.866348, 55
784100596.999207, 55
784100628.308506, 55
new stimulus
784135213.090709, 55
784135713.428329, 55
784135744.065439, 55
784135775.174441, 55
784135805.693926, 55
784135838.90549, 55
784135868.194342, 55
new stimulus
784179282.305234, 50
