new stimulus
new stimulus
782938771.025353, 55
782939269.45183, 55
782939303.120859, 55
782939330.684715, 55
782939361.415039, 55
782939392.919086, 55
782939424.159862, 55
782939457.112317, 55
new stimulus
new stimulus
783005271.528593, 55
783005772.052638, 55
783005801.377554, 55
new stimulus
783038431.955353, 55
783038935.805937, 55
783038965.754492, 55
783038997.077661, 55
783039028.975644, 55
783039059.357252, 55
783039091.517673, 55
783039121.348603, 55
783039152.67954, 55
783039184.050703, 55
783039230.769828, 55
783039262.35183, 55
new stimulus
783081699.981523, 55
783082208.71275, 55
783082239.785132, 55
783082270.572327, 55
783082301.991484, 55
783082332.918221, 55
783082364.05219, 55
783082395.922153, 55
783082427.339091, 55
783082457.783672, 55
783082504.263107, 55
783082535.65036, 55
783082566.71109, 55
783082598.033705, 55
783082629.061977, 55
new stimulus
783112648.658343, 55
783113159.544565, 55
783113189.612411, 55
783113220.640406, 55
783113251.649814, 55
783113283.1325, 55
783113314.019288, 55
783113345.252573, 55
783113376.41151, 55
783113407.460589, 55
783113454.502353, 55
783113485.489845, 55
783113516.787492, 55
783113548.059061, 55
new stimulus
783136022.898491, 55
783136527.467314, 55
783136558.083896, 55
783136589.023949, 55
783136620.444215, 55
783136651.348203, 55
783136682.43834, 55
783136713.897723, 55
783136745.148763, 55
783136776.184248, 55
783136822.963851, 55
783136854.420459, 55
new stimulus
new stimulus
783226644.504262, 55
783227146.450083, 55
783227177.217303, 55
783227208.364311, 55
783227239.627281, 55
new stimulus
783255809.147245, 55
783256318.287388, 55
783256348.724202, 55
783256379.947223, 55
783256410.988812, 55
783256442.340278, 55
783256473.299195, 55
783256505.045152, 55
783256535.811818, 55
new stimulus
783292499.561954, 50
new stimulus
783328444.729415, 55
783328950.782711, 55
783328981.588493, 55
783329012.660043, 55
783329043.960741, 55
783329074.782336, 55
783329105.858325, 55
783329137.132946, 55
783329168.221695, 55
783329200.382395, 55
783329249.118083, 55
783329277.869572, 55
783329308.81878, 55
783329340.032924, 55
783329371.260661, 55
783329402.427366, 55
new stimulus
new stimulus
783395142.462176, 55
783395639.901316, 55
783395670.468794, 55
783395701.657693, 55
783395732.891533, 55
783395764.156444, 55
783395795.561175, 55
783395827.871681, 55
783395859.170437, 55
783395888.59134, 55
new stimulus
783427933.842361, 55
783428430.578242, 55
783428461.188165, 55
783428492.415903, 55
783428524.284756, 55
783428554.824493, 55
783428585.933772, 55
783428616.947063, 55
783428648.377317, 55
783428678.158588, 55
783428726.38854, 55
783428757.134122, 55
783428788.677008, 55
783428819.684474, 55
new stimulus
783457754.392384, 55
783458257.219845, 55
783458288.202065, 55
783458319.271673, 55
783458350.146533, 55
783458381.405895, 55
783458413.352427, 55
