new stimulus
new stimulus
784332563.492191, 55
784333070.404655, 55
new stimulus
784370069.846764, 55
784370571.754301, 55
784370603.79571, 55
new stimulus
784392206.141071, 55
784392708.533815, 55
784392739.33821, 55
784392769.234887, 55
784392801.550942, 55
784392833.028356, 55
784392862.435111, 55
784392894.629655, 55
784392924.646733, 55
new stimulus
784443367.823432, 55
784443874.434341, 55
784443905.443471, 55
784443936.473686, 55
784443967.63401, 55
784443998.741624, 55
784444029.814561, 55
784444060.746569, 55
784444092.62652, 55
784444124.036244, 55
new stimulus
784475431.79334, 55
784475931.818862, 55
784475962.141657, 55
784475993.994697, 55
784476025.017144, 55
784476055.829029, 55
784476086.98214, 55
new stimulus
784506595.198477, 55
784507100.233087, 55
784507130.912089, 55
784507162.834484, 55
784507193.493789, 55
784507224.619435, 55
784507255.661301, 55
784507286.671819, 55
784507318.693808, 55
784507349.165854, 55
784507396.336618, 55
new stimulus
784543670.841646, 55
784544180.854274, 55
784544211.66283, 55
784544242.879748, 55
784544274.02204, 55
784544305.107461, 55
784544336.164585, 55
784544367.51938, 55
784544399.242589, 55
784544431.521468, 55
new stimulus
new stimulus
784616419.792445, 55
784616922.808274, 55
784616953.479784, 55
784616984.938335, 55
784617016.012104, 55
784617047.241505, 55
784617078.296133, 55
784617109.178205, 55
784617140.508032, 55
784617171.584021, 55
784617218.73814, 55
784617249.683464, 55
784617280.961414, 55
new stimulus
new stimulus
784681223.586602, 55
784681724.475177, 55
784681755.543675, 55
784681786.15776, 55
784681817.278691, 55
784681848.371047, 55
784681879.402649, 55
784681911.445999, 55
new stimulus
784721226.814379, 55
784721737.793537, 55
784721768.619848, 55
784721799.710817, 55
784721830.793464, 55
784721861.935756, 55
784721893.212874, 55
784721924.605953, 55
784721955.608703, 55
784721986.491052, 55
new stimulus
784759323.557806, 55
784759832.769524, 55
784759865.849591, 55
784759895.451095, 55
new stimulus
784797385.058124, 50
784797896.292786, 50
new stimulus
784834723.418763, 55
784835226.393256, 55
784835257.303903, 55
new stimulus
784865189.484798, 55
784865692.972795, 55
784865724.161416, 55
784865754.768565, 55
784865787.20391, 55
784865818.889944, 55
784865847.924124, 55
784865879.102203, 55
