new stimulus
new stimulus
782206598.189892, 55
new stimulus
782247200.617092, 55
782247712.004611, 55
782247743.529465, 55
782247770.482443, 55
782247803.699834, 55
782247834.594667, 55
782247867.131547, 55
782247895.269662, 55
782247929.85168, 55
782247959.639609, 55
782248006.20005, 55
new stimulus
782277323.521741, 55
782277833.851738, 55
782277863.626073, 55
782277894.189668, 55
782277926.683271, 55
782277957.634143, 55
782277988.687383, 55
782278019.842991, 55
782278051.138973, 55
782278082.251859, 55
782278129.666752, 55
782278160.524689, 55
782278191.422574, 55
782278222.636717, 55
782278254.208732, 55
new stimulus
782318636.388351, 50
782319141.793317, 50
782319172.44097, 50
new stimulus
782344151.669178, 55
782344647.70291, 55
782344678.096169, 55
782344709.541403, 55
782344739.010022, 55
782344769.932043, 55
782344802.823188, 55
782344833.795699, 55
782344865.395733, 55
782344896.809064, 55
782344943.327892, 55
782344974.261564, 55
782345005.204114, 55
new stimulus
782383261.165306, 55
782383771.886741, 55
782383802.387362, 55
782383833.528266, 55
782383863.040163, 55
782383895.51185, 55
782383927.002581, 55
782383958.187872, 55
782383991.774231, 55
782384021.371573, 55
782384067.280633, 55
782384099.270996, 55
782384129.82932, 55
new stimulus
782423063.795688, 50
782423566.735226, 50
782423597.32462, 50
new stimulus
new stimulus
782487552.992414, 55
782488056.384146, 55
new stimulus
782524402.270069, 55
782524903.076805, 55
782524933.567715, 55
782524965.745337, 55
new stimulus
782568241.76785, 55
782568738.524538, 55
782568767.610873, 55
782568798.970662, 55
782568831.268406, 55
782568862.419298, 55
782568894.468197, 55
782568924.759643, 55
782568955.903045, 55
782568987.123846, 55
782569034.018855, 55
782569065.22107, 55
782569096.573368, 55
782569127.625221, 55
new stimulus
new stimulus
782633279.100206, 55
782633774.195982, 55
782633804.466622, 55
782633836.338804, 55
782633867.345715, 55
new stimulus
new stimulus
782694949.47662, 55
782695455.520206, 55
new stimulus
782734288.923634, 55
782734798.158377, 55
782734828.799927, 55
782734860.490955, 55
782734891.113917, 55
782734922.617132, 55
782734953.747494, 55
782734986.184781, 55
782735017.374511, 55
782735047.054525, 55
782735093.671559, 55
782735124.806083, 55
782735155.968072, 55
782735188.202287, 55
