new stimulus
new stimulus
440787818.739808, 50
440788310.638346, 50
440788339.58922, 50
440788370.598264, 50
440788401.486354, 50
440788434.690059, 50
440788463.092476, 50
new stimulus
440821690.38838, 55
new stimulus
440846892.002791, 55
new stimulus
440896358.209294, 50
440896867.779689, 50
440896896.882589, 50
new stimulus
440922505.258751, 55
new stimulus
440956336.021891, 55
440956847.214354, 55
440956878.379585, 55
440956909.287926, 55
440956940.046462, 55
new stimulus
440993087.09037, 55
new stimulus
new stimulus
441070157.19383, 50
441070663.063458, 50
441070693.525432, 50
441070725.565088, 50
441070757.058783, 50
441070787.059132, 50
441070818.964517, 50
441070849.21815, 50
441070880.484084, 50
new stimulus
441096583.092487, 55
new stimulus
441124481.725866, 55
new stimulus
441170621.90893, 55
441171125.469878, 55
441171155.918259, 55
441171187.10069, 55
441171218.515598, 55
441171249.314081, 55
new stimulus
441200252.955204, 55
441200749.274411, 55
441200779.816837, 55
441200810.896623, 55
new stimulus
441235712.375487, 55
new stimulus
441280027.890301, 50
441280526.861078, 50
new stimulus
441300809.059833, 55
