new stimulus
new stimulus
477822208.457294, 55
477822701.408023, 55
477822730.058691, 55
477822760.843282, 55
477822791.768249, 55
477822825.11954, 55
477822853.542168, 55
477822884.929041, 55
477822916.410514, 55
477822946.970394, 55
477822993.980793, 55
477823025.78241, 55
new stimulus
477854233.299802, 55
477854741.443499, 55
477854771.918211, 55
477854802.067508, 55
477854833.479349, 55
477854864.009822, 55
477854895.094306, 55
477854927.427185, 55
477854960.196724, 55
477854989.291821, 55
477855035.859178, 55
477855066.829364, 55
477855098.124688, 55
477855129.443038, 55
477855160.737807, 55
477855192.103595, 55
477855223.347319, 55
new stimulus
477894518.401066, 55
477895019.782901, 55
477895049.712203, 55
477895081.226412, 55
477895112.168856, 55
477895143.989615, 55
477895174.171648, 55
477895205.301351, 55
477895236.91349, 55
477895267.987154, 55
477895315.087437, 55
477895345.809054, 55
477895377.419805, 55
477895408.283462, 55
477895441.393675, 55
477895470.383351, 55
new stimulus
477930022.919702, 50
477930524.282394, 50
477930556.241587, 50
477930586.118179, 50
477930617.366618, 50
477930648.411985, 50
477930679.469837, 50
477930710.511597, 50
477930741.95978, 50
477930773.061741, 50
new stimulus
477964485.748321, 55
477964984.241647, 55
477965014.944676, 55
477965046.410059, 55
477965077.43462, 55
477965109.263147, 55
477965139.449341, 55
477965170.747994, 55
477965201.956762, 55
477965232.923341, 55
new stimulus
477988930.133705, 55
477989429.292287, 55
477989459.960916, 55
477989491.179394, 55
477989522.707197, 55
477989553.67239, 55
477989585.144708, 55
477989615.668523, 55
477989646.881176, 55
477989678.227822, 55
477989724.773263, 55
477989756.270272, 55
477989787.44464, 55
477989818.714164, 55
477989849.654111, 55
477989880.672291, 55
477989911.987589, 55
477989943.386945, 55
477989990.267234, 55
477990021.209955, 55
477990052.885901, 55
new stimulus
new stimulus
new stimulus
478098892.1259, 55
478099392.946789, 55
478099423.412069, 55
478099456.202692, 55
478099487.165111, 55
478099516.808669, 55
478099548.787836, 55
478099579.484207, 55
478099610.287663, 55
478099642.111474, 55
478099688.303758, 55
478099719.875671, 55
478099751.072232, 55
new stimulus
478139430.355642, 55
478139937.019298, 55
478139968.091575, 55
478139998.734959, 55
478140029.813617, 55
478140060.723325, 55
478140091.957894, 55
478140123.429657, 55
478140154.620671, 55
478140185.496256, 55
478140232.62123, 55
478140265.307821, 55
478140296.440575, 55
478140325.954023, 55
478140357.596401, 55
478140388.278901, 55
new stimulus
new stimulus
new stimulus
478242686.690554, 50
478243192.463688, 50
478243223.094311, 50
478243254.711165, 50
478243285.413363, 50
478243316.334168, 50
478243347.479684, 50
478243378.689839, 50
new stimulus
new stimulus
478312818.678654, 50
478313314.359761, 50
478313344.497684, 50
478313375.793285, 50
478313406.672755, 50
478313437.714515, 50
478313469.057556, 50
new stimulus
478348653.811988, 50
478349162.496102, 50
478349193.858839, 50
478349224.483636, 50
478349255.320937, 50
478349286.27642, 50
478349317.630557, 50
478349348.657892, 50
478349379.955435, 50
478349411.112048, 50
478349458.17155, 50
478349489.121762, 50
478349520.517512, 50
478349551.942391, 50
478349581.680828, 50
478349613.863622, 50
478349645.240507, 50
478349678.438662, 50
478349723.257712, 50
478349754.292259, 50
478349785.656106, 50
478349816.954204, 50
478349847.927164, 50
478349879.275475, 50
