new stimulus
new stimulus
new stimulus
476386792.559176, 55
476387299.703325, 55
476387332.206263, 55
476387361.411219, 55
476387391.979699, 55
476387423.106628, 55
476387454.931271, 55
476387485.26866, 55
476387517.681158, 55
476387550.084779, 55
476387594.745421, 55
476387626.98259, 55
476387657.071409, 55
new stimulus
476420620.6044, 55
476421120.152759, 55
476421150.174442, 55
476421181.445907, 55
476421212.496823, 55
476421244.700701, 55
476421274.400576, 55
476421305.722532, 55
476421336.940178, 55
476421368.35396, 55
476421415.463398, 55
476421446.517643, 55
476421477.282537, 55
476421508.238852, 55
476421539.771926, 55
476421571.545246, 55
476421602.172817, 55
476421633.40267, 55
new stimulus
476456318.301638, 55
476456827.282593, 55
476456857.985068, 55
476456889.400237, 55
476456920.29552, 55
476456951.225757, 55
476456982.540778, 55
476457014.164568, 55
476457046.455556, 55
476457076.662002, 55
476457122.896454, 55
476457153.852491, 55
476457185.209403, 55
476457216.518597, 55
476457247.565906, 55
476457278.782997, 55
476457310.554931, 55
new stimulus
476484840.892597, 55
476485343.822441, 55
476485374.473038, 55
476485405.528393, 55
476485436.720793, 55
476485467.719831, 55
476485498.977703, 55
476485530.184252, 55
476485562.111263, 55
476485592.672808, 55
476485639.592213, 55
476485670.829, 55
476485702.94022, 55
476485733.228782, 55
476485764.184542, 55
476485795.50844, 55
476485826.762428, 55
476485858.045545, 55
476485904.652019, 55
476485935.819729, 55
476485966.981336, 55
476485998.294692, 55
476486029.480712, 55
new stimulus
new stimulus
476564579.048378, 55
476565074.755286, 55
476565105.745169, 55
476565136.888189, 55
476565167.685542, 55
476565198.676257, 55
476565229.861999, 55
476565261.012509, 55
new stimulus
new stimulus
new stimulus
new stimulus
476699249.268163, 55
476699748.648681, 55
476699779.277362, 55
476699810.337432, 55
476699841.54953, 55
476699872.631239, 55
476699902.935615, 55
476699935.140047, 55
476699966.362687, 55
476699997.220795, 55
476700044.04976, 55
476700075.198883, 55
476700106.619878, 55
476700139.526186, 55
476700169.379475, 55
476700200.913103, 55
new stimulus
new stimulus
476770973.264647, 55
476771476.812309, 55
476771507.406589, 55
476771538.901933, 55
476771570.081572, 55
476771600.672801, 55
476771633.549425, 55
new stimulus
new stimulus
new stimulus
