new stimulus
new stimulus
477063202.19146, 50
477063700.354377, 50
477063729.266653, 50
477063760.251543, 50
477063791.000069, 50
477063824.274516, 50
477063852.722389, 50
477063884.833053, 50
477063915.633457, 50
477063946.224409, 50
477063993.20013, 50
477064024.911585, 50
477064057.723016, 50
new stimulus
477099836.481046, 55
477100341.920997, 55
477100372.278637, 55
477100403.470205, 55
477100434.104434, 55
477100465.194189, 55
477100496.300034, 55
477100528.890082, 55
477100561.801106, 55
477100590.268399, 55
477100636.698433, 55
477100668.139125, 55
477100699.643902, 55
477100730.464835, 55
477100762.141613, 55
477100792.727016, 55
477100823.892229, 55
new stimulus
new stimulus
new stimulus
new stimulus
new stimulus
477264904.111325, 55
477265404.325772, 55
477265434.061711, 55
477265465.352041, 55
477265496.630165, 55
477265527.488828, 55
477265559.150347, 55
477265591.140611, 55
477265621.009713, 55
477265652.481754, 55
477265698.980588, 55
new stimulus
new stimulus
477346566.068953, 55
477347068.923617, 55
477347099.618324, 55
477347130.889234, 55
477347161.972608, 55
477347192.793542, 55
477347224.053633, 55
477347256.325756, 55
477347286.418737, 55
477347317.483246, 55
477347364.288076, 55
477347395.659136, 55
477347427.360326, 55
477347458.012865, 55
477347489.311795, 55
477347520.419305, 55
477347551.506563, 55
477347583.266844, 55
477347630.377947, 55
477347661.269068, 55
477347692.103873, 55
477347723.289892, 55
477347754.523906, 55
477347785.626422, 55
477347817.060179, 55
477347848.152153, 55
477347879.5848, 55
477347926.273113, 55
new stimulus
new stimulus
new stimulus
new stimulus
new stimulus
477520984.969045, 55
477521490.922503, 55
477521521.717081, 55
477521552.967185, 55
477521583.841106, 55
477521615.740653, 55
477521646.445347, 55
477521678.198416, 55
477521709.324235, 55
477521739.870522, 55
477521786.493363, 55
477521817.683267, 55
477521848.887596, 55
477521882.176468, 55
new stimulus
477554448.315055, 55
477554952.800677, 55
477554983.315338, 55
477555014.338788, 55
477555045.603873, 55
477555076.814861, 55
477555107.851073, 55
477555139.137797, 55
477555170.76769, 55
477555201.652986, 55
477555248.236156, 55
477555279.321194, 55
477555312.627821, 55
477555343.708421, 55
477555372.980235, 55
477555404.095512, 55
477555435.519559, 55
477555467.120046, 55
477555514.021419, 55
477555544.635673, 55
477555576.056669, 55
new stimulus
477585309.674951, 55
477585809.24578, 55
477585840.033423, 55
477585870.903738, 55
477585902.095861, 55
477585933.20559, 55
477585964.395493, 55
477585995.640604, 55
477586026.718429, 55
477586058.441536, 55
477586104.930106, 55
477586137.568703, 55
