new stimulus
new stimulus
new stimulus
475675517.983825, 55
475676020.249801, 55
475676052.246722, 55
475676081.284115, 55
475676112.277605, 55
475676143.291346, 55
475676175.432804, 55
475676206.485662, 55
475676237.901386, 55
475676270.360214, 55
new stimulus
475720285.644177, 55
475720791.362936, 55
475720821.318593, 55
475720852.796183, 55
475720883.759988, 55
475720915.48365, 55
475720945.795238, 55
475720977.065872, 55
475721008.719068, 55
475721039.682874, 55
475721086.745151, 55
475721117.488961, 55
new stimulus
new stimulus
new stimulus
475824908.900446, 55
475825418.736968, 55
475825449.495759, 55
475825480.710076, 55
475825511.958793, 55
475825543.110135, 55
475825574.580234, 55
475825605.438619, 55
475825636.640174, 55
475825668.341643, 55
475825714.895129, 55
475825746.99109, 55
new stimulus
475867215.254112, 50
new stimulus
new stimulus
475929096.007965, 55
475929594.879971, 55
475929625.489509, 55
475929656.755981, 55
475929687.798851, 55
475929718.880838, 55
475929750.136213, 55
475929781.170761, 55
475929812.496601, 55
475929843.767512, 55
new stimulus
new stimulus
new stimulus
476039077.056772, 50
476039574.248438, 50
476039604.846325, 50
476039635.799033, 50
476039667.206713, 50
476039698.159144, 50
476039729.687501, 50
476039760.536454, 50
476039791.756319, 50
476039822.781435, 50
476039869.678646, 50
476039900.967312, 50
476039932.093408, 50
476039964.393829, 50
476039994.675733, 50
476040025.631771, 50
476040056.832771, 50
476040085.4618, 50
new stimulus
476072432.346694, 55
476072942.251461, 55
476072972.649882, 55
476073004.366331, 55
476073035.664984, 55
476073066.156063, 55
476073097.234444, 55
476073128.569439, 55
476073159.682774, 55
476073190.91762, 55
new stimulus
476107345.490574, 55
476107855.041352, 55
476107885.752149, 55
476107917.569025, 55
476107948.036246, 55
476107978.661043, 55
476108009.791024, 55
476108040.918785, 55
476108072.172496, 55
476108105.413651, 55
476108150.390276, 55
476108181.453675, 55
476108213.079685, 55
476108244.24573, 55
476108274.918521, 55
new stimulus
476139500.512396, 50
476140006.110478, 50
476140036.642061, 50
476140068.183457, 50
476140099.065423, 50
476140129.990945, 50
476140161.040473, 50
476140193.911271, 50
476140225.306189, 50
476140254.780243, 50
476140301.460788, 50
476140333.000797, 50
476140364.442322, 50
476140395.464941, 50
476140426.364107, 50
476140457.417797, 50
476140489.203324, 50
new stimulus
476162593.707589, 50
476163093.674853, 50
476163124.311302, 50
476163155.744504, 50
476163186.981014, 50
476163217.796399, 50
476163248.865902, 50
476163280.905824, 50
476163311.359174, 50
