new stimulus
new stimulus
181001255.015301, 55
new stimulus
181041077.0467, 55
181041578.435612, 55
181041607.634537, 55
181041639.767753, 55
181041671.433236, 55
181041703.227997, 55
181041729.647987, 55
181041763.10617, 55
new stimulus
181085466.771661, 50
new stimulus
181116884.449923, 55
181117393.411619, 55
181117422.956212, 55
new stimulus
181144465.491637, 55
new stimulus
181179274.319699, 55
181179774.145062, 55
181179804.326892, 55
new stimulus
181222976.062102, 55
new stimulus
new stimulus
181276965.664609, 55
181277478.68998, 55
181277510.220358, 55
181277540.26653, 55
new stimulus
181315141.551437, 55
new stimulus
181355998.268887, 55
181358346.408039, 50
181359756.683577, 50
181360267.186074, 50
181360297.952155, 50
new stimulus
181382599.638963, 55
new stimulus
181420881.488723, 55
new stimulus
181466921.193335, 55
new stimulus
181494882.287143, 55
new stimulus
181526814.766276, 50
181527326.860342, 50
181527357.390337, 50
181527388.626093, 50
181527420.823948, 50
181527450.725028, 50
181527481.717485, 50
181527513.164636, 50
181527544.710827, 50
181527575.369269, 50
181527622.181706, 50
181527653.46074, 50
