new stimulus
new stimulus
181688540.374724, 55
181689042.937963, 55
181689070.760321, 55
181689102.380861, 55
new stimulus
181730080.640977, 55
181730581.721396, 55
181730613.74725, 55
181730644.78992, 55
181730675.610376, 55
181730712.169302, 55
181730735.770964, 55
181730766.04268, 55
181730799.177111, 55
181730830.228659, 55
new stimulus
181758757.495591, 55
181759255.043598, 55
181759285.453746, 55
181759316.14104, 55
181759347.423957, 55
181759379.669529, 55
181759409.241586, 55
181759440.711764, 55
181759470.31628, 55
new stimulus
181798823.315862, 55
new stimulus
new stimulus
181855328.314032, 55
181855761.621685, 55
new stimulus
181905721.038478, 55
181906220.860235, 55
new stimulus
new stimulus
181967475.890239, 55
181967980.743873, 55
new stimulus
new stimulus
182043774.679931, 55
182044280.27761, 55
182044310.620623, 55
182044341.535402, 55
182044372.844397, 55
182044403.85988, 55
182044435.034049, 55
new stimulus
182077189.207514, 55
182077695.15835, 55
182077727.120674, 55
182077757.766632, 55
182077788.041121, 55
182077818.867403, 55
182077850.122301, 55
182077881.869623, 55
new stimulus
182117648.13646, 55
182118145.474736, 55
182118176.395896, 55
182118207.664388, 55
182118238.518134, 55
new stimulus
182150687.172208, 55
182151186.02715, 55
182151217.158595, 55
182151249.075144, 55
182151279.568242, 55
new stimulus
182178027.314953, 55
182178532.767818, 55
182178564.091239, 55
182178595.016838, 55
182178625.955752, 55
182178657.749126, 55
new stimulus
182215742.284274, 55
