new stimulus
new stimulus
180278913.374478, 55
180280507.232248, 55
180281015.064837, 55
180281045.706633, 55
180281078.530352, 55
180281109.030108, 55
180281141.305364, 55
180281170.039052, 55
new stimulus
180309557.475283, 50
180310063.709091, 50
180310092.678033, 50
180310123.784233, 50
180310153.305522, 50
180310183.612193, 50
180310216.856205, 50
180310248.433468, 50
180310279.319672, 50
new stimulus
180341615.705293, 55
180342120.131142, 55
180342150.381496, 55
180342181.359527, 55
180342212.568928, 55
180342244.0355, 55
new stimulus
180376456.620519, 55
new stimulus
new stimulus
180456589.994393, 50
180457091.381641, 50
180457121.864197, 50
180457154.154156, 50
180457183.961744, 50
180457214.812994, 50
180457245.954704, 50
180457277.215428, 50
new stimulus
180479679.790568, 55
new stimulus
new stimulus
180557594.620679, 55
new stimulus
180596798.18505, 55
new stimulus
new stimulus
180669260.789281, 55
new stimulus
180694721.540889, 50
new stimulus
180731014.16599, 50
new stimulus
180758445.614085, 55
new stimulus
180807921.625558, 55
