new stimulus
new stimulus
182375613.705914, 55
182376113.268004, 55
182376140.987993, 55
182376217.356397, 55
182376218.393122, 55
new stimulus
182419061.669485, 50
182419570.999598, 50
182419602.648712, 50
182419633.787093, 50
182419669.43025, 50
182419698.132035, 50
182419724.243533, 50
182419757.244801, 50
new stimulus
182450592.019017, 55
182451099.052354, 55
182451128.868543, 55
182451160.039382, 55
182451190.939735, 55
182451224.161, 55
182451253.069187, 55
182451284.466402, 55
182451315.671087, 55
182451347.210898, 55
182451394.700521, 55
182451424.883739, 55
182451454.693269, 55
182451486.900002, 55
182451518.046706, 55
182451550.012359, 55
new stimulus
182472897.811114, 55
new stimulus
182521685.699653, 55
new stimulus
182556373.739637, 55
182556881.087848, 55
182556913.180005, 55
182556942.739579, 55
182556973.694584, 55
182557004.862649, 55
182557036.134748, 55
182557067.252322, 55
new stimulus
new stimulus
new stimulus
new stimulus
182689676.148574, 55
182690182.099134, 55
new stimulus
182718009.435671, 55
new stimulus
182759658.045413, 55
182760163.49051, 55
new stimulus
182801992.383661, 55
182802486.096588, 55
182802516.675687, 55
182802547.932527, 55
182802579.318369, 55
182802610.064475, 55
182802641.217005, 55
182802672.76486, 55
182802703.604458, 55
new stimulus
182825034.478817, 55
182825542.702293, 55
new stimulus
182869025.327503, 55
new stimulus
182900518.865378, 55
