new stimulus
new stimulus
88723504.378132, 50
new stimulus
88760109.686488, 50
88760618.589371, 50
88760645.757013, 50
new stimulus
88785911.820916, 50
88786418.792943, 50
88786451.782837, 50
new stimulus
88826677.227468, 55
88827179.498582, 55
88827210.871662, 55
new stimulus
88852709.370948, 50
new stimulus
88903051.415697, 50
new stimulus
88931717.676126, 55
88932213.663912, 55
88932245.043928, 55
88932275.305101, 55
88932306.853512, 55
88932337.735832, 55
88932368.588191, 55
88932400.350772, 55
88932431.514676, 55
new stimulus
new stimulus
88996391.597558, 50
88996891.656788, 50
88996922.898092, 50
88996952.759223, 50
88996983.730596, 50
88997014.552716, 50
88997046.023171, 50
new stimulus
89045388.168347, 55
89045890.417267, 55
89045920.858764, 55
89045953.309628, 55
89045983.051745, 55
89046014.172094, 55
89046045.304371, 55
89046076.35481, 55
89046107.668521, 55
89046138.829096, 55
new stimulus
89071449.948246, 55
89079130.98971, 50
new stimulus
89103695.771453, 50
new stimulus
89129866.714901, 55
89130379.630413, 55
89130409.826947, 55
89130440.848256, 55
new stimulus
89165267.793905, 50
new stimulus
89200428.156207, 55
new stimulus
89245164.9442, 50
