new stimulus
new stimulus
88025431.996835, 50
new stimulus
88061096.106134, 55
88061597.088624, 55
88061627.180015, 55
88061656.576742, 55
88061687.76811, 55
88061719.558433, 55
88061751.115443, 55
88061782.317909, 55
88061814.517151, 55
88061844.640446, 55
new stimulus
88100331.278839, 55
88100829.64968, 55
88100859.580721, 55
88100890.216136, 55
88100921.6275, 55
88100954.046183, 55
88100983.580234, 55
88101015.267632, 55
88101045.918306, 55
88101077.209824, 55
88101124.935811, 55
new stimulus
88131111.351851, 55
88133226.549602, 55
new stimulus
88175702.287537, 50
88176207.199984, 50
88176238.145279, 50
88176268.801224, 50
88176299.873024, 50
88176330.890726, 50
new stimulus
88202517.589792, 55
new stimulus
88242315.161186, 55
new stimulus
new stimulus
88303118.043543, 50
new stimulus
88345963.110386, 50
new stimulus
88377119.703358, 55
new stimulus
new stimulus
88450163.323502, 50
new stimulus
88482756.400607, 55
88483260.370929, 55
88483291.29736, 55
88483322.553923, 55
88483353.821582, 55
88483384.257531, 55
88483415.466377, 55
88483446.486854, 55
88483477.845231, 55
88483509.418609, 55
new stimulus
88512537.784714, 55
88513040.444218, 55
88513071.428353, 55
new stimulus
88547695.413856, 50
