new stimulus
new stimulus
new stimulus
86582314.27621, 55
86582810.689285, 55
86582843.901949, 55
86582871.727081, 55
86582903.1218, 55
86582933.79328, 55
86582964.835118, 55
new stimulus
86627551.753735, 55
86628050.864737, 55
86628082.765196, 55
86628085.575479, 56
86628610.729733, 56
86628642.012096, 56
new stimulus
86647912.984423, 50
new stimulus
86695871.994238, 55
86696377.090338, 55
86696407.701895, 55
86696439.726639, 55
86696469.58777, 55
86696500.851546, 55
new stimulus
86727422.599448, 55
86727935.515792, 55
new stimulus
86762963.789793, 55
86763472.054882, 55
86763502.899751, 55
new stimulus
new stimulus
new stimulus
86867780.739379, 55
86868287.923078, 55
86868318.593726, 55
new stimulus
86905259.961732, 55
86905758.766737, 55
86905790.018029, 55
86905820.555792, 55
86905851.784613, 55
86905882.790663, 55
new stimulus
86943500.204598, 55
new stimulus
new stimulus
87003003.92857, 50
87003507.989055, 50
87003538.455797, 50
87003569.769509, 50
87003600.874322, 50
87003631.90118, 50
new stimulus
87043369.733666, 50
new stimulus
87078121.240552, 55
