new stimulus
new stimulus
283120721.884139, 55
283121221.798693, 55
283121249.937996, 55
283121281.480969, 55
283121311.906216, 55
283121345.088744, 55
283121373.917713, 55
new stimulus
283147993.866235, 55
283148504.30917, 55
283148535.798324, 55
283148564.67612, 55
283148596.078163, 55
283148626.396048, 55
283148657.520949, 55
283148688.526282, 55
283148720.185494, 55
new stimulus
283187559.2237, 55
283188064.084659, 55
283188094.868333, 55
283188125.418974, 55
283188157.040457, 55
283188188.508527, 55
283188218.967341, 55
new stimulus
283215111.256941, 55
283215613.12509, 55
283215643.930403, 55
283215675.475873, 55
283215705.835648, 55
283215736.520283, 55
283215768.224714, 55
283215798.981478, 55
new stimulus
283251676.989201, 55
283252178.826001, 55
283252209.541984, 55
283252241.220616, 55
283252271.898315, 55
283252304.200033, 55
283252334.482408, 55
283252365.413947, 55
283252396.048923, 55
283252427.333063, 55
283252474.054814, 55
283252505.725401, 55
283252536.549301, 55
new stimulus
283292289.906781, 55
283292800.835201, 55
283292831.285693, 55
283292862.42502, 55
283292893.54132, 55
283292924.65346, 55
283292955.704567, 55
283292987.047243, 55
new stimulus
283335750.194887, 50
283336244.326059, 50
283336275.945878, 50
283336307.947705, 50
283336339.200774, 50
283336370.124545, 50
283336401.298271, 50
283336433.088426, 50
283336463.762796, 50
283336514.228058, 50
283336541.844146, 50
283336573.107479, 50
283336604.246806, 50
283336635.597804, 50
new stimulus
new stimulus
283402022.942109, 55
283402530.167245, 55
283402562.089452, 55
283402591.747631, 55
283402622.764338, 55
283402653.869542, 55
283402685.024682, 55
new stimulus
283435721.802855, 55
283436225.355222, 55
283436256.145277, 55
283436287.224681, 55
283436318.350136, 55
283436350.937042, 55
283436380.77499, 55
283436411.735658, 55
283436443.094979, 55
new stimulus
283464005.724014, 55
283464508.026326, 55
283464539.211981, 55
283464570.50056, 55
283464601.11584, 55
283464632.243515, 55
283464663.148144, 55
283464694.748543, 55
283464725.445939, 55
new stimulus
283501373.211956, 55
283501885.43593, 55
283501915.826499, 55
283501946.911451, 55
new stimulus
283540557.490655, 55
283541056.708607, 55
283541087.182957, 55
new stimulus
283577095.756078, 55
283577591.740418, 55
283577621.852735, 55
283577653.078339, 55
283577683.912226, 55
283577715.423573, 55
283577746.336525, 55
283577777.466142, 55
283577808.815476, 55
283577839.809157, 55
283577886.631611, 55
283577917.995094, 55
283577949.259814, 55
new stimulus
283599058.959595, 55
283599571.644642, 55
283599601.868204, 55
283599633.111008, 55
283599664.58962, 55
283599695.429887, 55
283599727.353204, 55
new stimulus
283630205.797364, 55
283630709.055111, 55
283630739.286441, 55
283630770.413839, 55
283630801.374506, 55
283630832.542962, 55
283630863.775225, 55
283630895.075455, 55
283630926.146536, 55
283630957.268385, 55
283631004.211518, 55
