new stimulus
new stimulus
284496697.714721, 55
284497193.719591, 55
284497224.742123, 55
284497255.265022, 55
284497285.965747, 55
284497316.819608, 55
284497347.930915, 55
284497379.756857, 55
284497412.107401, 55
284497443.756072, 55
284497488.693178, 55
284497519.729026, 55
new stimulus
284533330.365767, 55
284533838.425939, 55
284533869.945054, 55
284533898.721314, 55
284533929.911408, 55
284533961.28571, 55
284533992.309907, 55
284534024.03681, 55
284534056.369599, 55
new stimulus
284564336.81912, 55
284564834.782854, 55
284564864.27153, 55
284564895.167004, 55
284564926.489705, 55
284564957.280592, 55
284564988.708158, 55
284565019.879943, 55
new stimulus
284598101.186305, 55
284598607.605257, 55
284598638.827532, 55
284598669.16012, 55
284598700.117182, 55
284604417.51044, 55
284604925.180281, 55
284604956.283266, 55
284604987.395405, 55
284605018.186014, 55
284605049.484025, 55
new stimulus
284637311.487311, 55
284637809.644685, 55
284637840.134571, 55
284637870.980664, 55
284637902.285056, 55
284637933.420498, 55
284637964.929626, 55
new stimulus
284679209.590255, 50
284679710.425291, 50
284679741.139887, 50
284679772.169355, 50
284679803.972826, 50
284679834.578673, 50
284679865.675554, 50
284679897.653523, 50
284679928.288776, 50
284679959.195625, 50
284680005.963428, 50
284680037.132716, 50
284680068.480108, 50
284680099.631363, 50
284680130.7976, 50
284680162.091449, 50
284680193.171963, 50
284680224.705781, 50
284680272.172406, 50
284680302.665066, 50
284680333.758896, 50
284680365.059958, 50
284680397.346418, 50
284680427.361915, 50
284680458.361977, 50
284680489.77484, 50
284680520.814295, 50
new stimulus
284711296.70996, 55
284711799.393448, 55
new stimulus
new stimulus
284779893.560462, 55
284780391.903708, 55
new stimulus
284822094.494648, 55
new stimulus
284852126.164957, 55
284852634.826298, 55
284852665.971173, 55
284852696.610311, 55
284852727.536856, 55
284852759.093978, 55
new stimulus
284887928.844172, 55
284888436.203025, 55
284888467.221119, 55
new stimulus
284916886.683766, 55
284917389.519835, 55
284917420.415586, 55
284917451.606236, 55
284917482.800214, 55
284917513.414661, 55
284917544.767879, 55
284917575.768496, 55
284917606.909764, 55
284917638.277408, 55
new stimulus
284951417.360633, 55
284951927.48509, 55
284951958.369744, 55
284951989.646394, 55
284952020.542423, 55
284952051.688408, 55
284952082.761431, 55
284952113.869964, 55
284952145.313898, 55
284952176.364727, 55
284952223.254318, 55
284952254.365348, 55
284952286.963628, 55
284952319.201817, 55
284952348.014696, 55
284952379.0941, 55
284952410.18682, 55
284952442.475222, 55
284952488.773352, 55
284952519.432741, 55
new stimulus
284988980.201063, 55
284989476.732753, 55
284989506.941335, 55
284989538.252662, 55
284989569.228588, 55
284989600.194249, 55
284989631.295014, 55
284989662.67209, 55
284989693.959005, 55
284989724.974879, 55
284989772.254523, 55
284989803.139732, 55
284989834.384201, 55
284989865.506328, 55
284989896.630674, 55
284989927.971407, 55
284989959.247225, 55
284989990.91365, 55
284990037.258665, 55
284990068.30783, 55
284990100.302443, 55
new stimulus
285024275.32085, 50
285024778.926205, 50
285024809.490439, 50
285024840.481346, 50
285024871.587105, 50
285024902.64598, 50
285024933.907648, 50
285024965.016736, 50
285024997.949031, 50
285025027.596945, 50
285025074.240464, 50
285025105.402817, 50
285025136.628144, 50
285025167.826283, 50
285025199.033301, 50
285025230.289699, 50
285025261.5866, 50
285025293.031644, 50
285025339.960073, 50
285025370.754011, 50
285025402.084203, 50
285025433.074833, 50
285025464.359805, 50
285025799.842314, 50
