new stimulus
new stimulus
282310886.671837, 55
282311386.183855, 55
282311414.18417, 55
282311444.225467, 55
282311474.850734, 55
282312031.941626, 55
new stimulus
282337972.135343, 55
282341441.479837, 55
new stimulus
282389931.944622, 55
new stimulus
282418520.662269, 55
282425450.654129, 55
282430283.175453, 50
282430781.911248, 50
282430812.547334, 50
282430843.48886, 50
282430874.791587, 50
282430906.179483, 50
282430937.134047, 50
282430968.240361, 50
new stimulus
282453930.75116, 55
new stimulus
282500635.492939, 55
new stimulus
282531870.794237, 55
new stimulus
new stimulus
282607589.344061, 55
new stimulus
282628972.32926, 50
282629476.873405, 50
282629507.328059, 50
282629538.591392, 50
282629569.989552, 50
new stimulus
282664611.771279, 55
new stimulus
282697824.185119, 55
new stimulus
282739524.532283, 50
282740032.966417, 50
282740064.135705, 50
282740094.537371, 50
282740125.964659, 50
282740156.90896, 50
282740188.228609, 50
282740220.206023, 50
282740250.41183, 50
282740281.425763, 50
282740328.305366, 50
282740359.6805, 50
282740390.947163, 50
new stimulus
new stimulus
282804144.045532, 55
new stimulus
282843842.406921, 55
