new stimulus
new stimulus
283809559.167106, 50
283810066.642753, 50
283810095.108579, 50
283810126.530597, 50
283810157.182219, 50
new stimulus
283828076.192949, 55
283828580.933785, 55
283828611.021411, 55
283828643.65215, 55
283828675.776319, 55
new stimulus
283864083.578434, 55
283864585.833029, 55
283864615.547247, 55
283864647.056098, 55
283864677.785675, 55
283864709.730353, 55
283864740.150883, 55
283864771.145119, 55
283864802.704182, 55
new stimulus
283909328.797232, 55
283909840.375649, 55
283909871.318839, 55
283909901.559879, 55
283909932.732496, 55
283909964.114843, 55
283909995.578196, 55
283910026.29085, 55
283910057.436558, 55
283910088.826395, 55
283910135.692682, 55
283910166.665557, 55
283910197.896432, 55
283910228.861816, 55
283910259.953149, 55
283910291.862039, 55
new stimulus
283941785.17288, 50
283942288.711654, 50
283942318.860312, 50
283942349.098855, 50
283942380.216543, 50
283942411.529257, 50
283942442.897456, 50
283942473.795426, 50
283942504.907566, 50
283942537.1108, 50
new stimulus
283968000.025522, 55
new stimulus
284005623.004029, 55
284006122.267756, 55
284006152.50824, 55
284006183.582373, 55
284006214.726416, 55
284006245.756994, 55
284006278.035686, 55
new stimulus
new stimulus
284086552.985625, 55
284087053.97019, 55
284087084.585192, 55
284087115.59968, 55
284087147.179827, 55
284087177.960727, 55
284087209.474571, 55
284087240.654678, 55
284087271.374545, 55
284087302.670614, 55
284087349.393475, 55
284087380.607428, 55
new stimulus
284110158.447256, 55
284110656.517519, 55
284110687.125864, 55
284110718.106506, 55
284110749.2622, 55
284110780.971903, 55
284110811.624634, 55
new stimulus
284145524.784735, 55
284146036.821173, 55
284146068.388282, 55
284146098.888154, 55
284146129.608021, 55
284146160.81809, 55
284146191.992372, 55
284146223.340318, 55
284146254.506277, 55
284146285.475545, 55
284146332.254168, 55
284146363.343559, 55
284146394.817732, 55
284146426.383176, 55
284146457.350224, 55
284146488.703442, 55
284146519.651349, 55
284146551.382413, 55
284146597.833957, 55
284146629.144729, 55
284146661.774081, 55
284146691.243059, 55
284146722.894781, 55
284146753.886243, 55
284146784.619703, 55
284146815.958773, 55
284146847.114744, 55
new stimulus
284183486.567028, 55
284183991.351142, 55
284184021.73866, 55
284184053.154019, 55
new stimulus
284215675.587396, 55
284216173.406317, 55
284216204.294578, 55
284216235.739899, 55
284216266.914735, 55
284216297.570796, 55
284231190.854393, 55
new stimulus
284249379.648108, 55
284249884.783437, 55
284249915.656995, 55
284249947.146981, 55
284249977.626879, 55
284250008.755664, 55
284250039.900261, 55
284250071.386086, 55
284250102.379212, 55
284250133.568197, 55
284250180.124883, 55
284250211.440094, 55
284250242.666531, 55
284250273.916271, 55
284250305.046442, 55
284250336.320041, 55
new stimulus
284297629.322556, 55
284298135.119532, 55
new stimulus
284315624.770642, 55
284317056.604574, 55
