new stimulus
new stimulus
1343484777.633087, 55
1343485272.659481, 55
1343485302.199561, 55
1343485332.62073, 55
1343485363.326257, 55
1343485396.24921, 55
new stimulus
1343517058.036224, 55
1343517562.618944, 55
new stimulus
new stimulus
1343586263.496538, 55
1343586763.09289, 55
1343586794.382666, 55
new stimulus
1343630735.294737, 55
1343631238.713676, 55
1343631268.843276, 55
1343631299.943572, 55
1343631330.897113, 55
1343631362.879054, 55
new stimulus
1343658210.91469, 50
1343658709.580017, 50
1343658740.522461, 50
1343658771.198581, 50
1343658802.016185, 50
1343658833.275444, 50
1343658864.417632, 50
1343658895.620852, 50
1343658926.595476, 50
1343658957.835593, 50
1343659004.976658, 50
new stimulus
1343700000.962096, 55
1343700501.814611, 55
new stimulus
new stimulus
1343766261.246653, 55
1343766769.706888, 55
1343766800.141928, 55
1343766831.574021, 55
new stimulus
1343799604.699014, 50
1343800106.535542, 50
1343800136.956712, 50
1343800168.194887, 50
1343800199.300177, 50
1343800230.581075, 50
1343800261.596481, 50
new stimulus
1343833125.781634, 55
1343833631.527026, 55
1343833661.245765, 55
1343833692.327197, 55
1343833724.57463, 55
new stimulus
1343866617.113888, 55
1343867123.49818, 55
1343867154.185952, 55
1343867185.346449, 55
1343867216.526643, 55
new stimulus
1343912004.734746, 50
1343912503.480248, 50
1343912534.847146, 50
1343912566.161612, 50
1343912596.965345, 50
1343912628.18632, 50
1343912658.837472, 50
new stimulus
1343944387.927409, 55
1343944888.985493, 55
1343944919.702671, 55
1343944950.91671, 55
1343944982.439242, 55
1343945012.964167, 55
new stimulus
1343972805.10527, 50
1343973296.251652, 50
1343973327.450988, 50
1343973358.218102, 50
1343973389.082313, 50
1343973420.201197, 50
1343973451.334784, 50
1343973482.541055, 50
1343973514.33435, 50
1343973545.47404, 50
new stimulus
1344011174.125319, 55
1344011672.150357, 55
1344011704.604747, 55
1344011733.89487, 55
1344011764.884753, 55
1344011796.579841, 55
1344011827.577492, 55
