new stimulus
new stimulus
1341994093.64295, 55
1341994602.351199, 55
1341994633.231501, 55
1341994664.219997, 55
1341994694.773219, 55
new stimulus
new stimulus
1342062365.34727, 55
1342062864.500858, 55
1342062895.841956, 55
new stimulus
1342113851.292838, 55
new stimulus
1342129799.928869, 55
1342130289.250374, 55
new stimulus
1342171139.948699, 55
1342171644.553335, 55
1342171677.403604, 55
1342171706.272048, 55
1342171737.356531, 55
new stimulus
1342213743.705869, 50
1342214247.271008, 50
1342214278.012044, 50
1342214309.272413, 50
1342214341.785061, 50
new stimulus
new stimulus
1342276833.798106, 55
1342277333.557859, 55
1342277364.235089, 55
1342277395.106513, 55
1342277426.323604, 55
1342277457.244686, 55
1342277489.027439, 55
new stimulus
1342311759.151568, 55
1342312261.542106, 55
1342312292.024308, 55
1342312323.24667, 55
1342312354.699292, 55
1342312385.52938, 55
1342312416.673509, 55
1342312449.025253, 55
new stimulus
1342349495.059129, 50
1342349997.749559, 50
1342350028.116355, 50
1342350059.252161, 50
1342350090.420426, 50
1342350121.471896, 50
1342350152.793575, 50
1342350183.91662, 50
new stimulus
1342390600.779609, 55
1342391103.362399, 55
1342391134.017435, 55
1342391165.107745, 55
1342391196.301255, 55
1342391227.65234, 55
new stimulus
1342417185.88631, 55
1342417685.485992, 55
1342417716.304428, 55
1342417747.718766, 55
1342417778.49337, 55
new stimulus
1342450462.722089, 55
1342450960.095743, 55
1342450990.955516, 55
1342451021.763688, 55
1342451052.996592, 55
1342451083.89881, 55
new stimulus
1342480523.317246, 55
1342481021.878818, 55
1342481052.242284, 55
1342481083.079862, 55
1342481113.997061, 55
1342481144.792472, 55
new stimulus
1342528521.556454, 50
1342529022.076896, 50
1342529052.498343, 50
1342529084.215625, 50
1342529114.828215, 50
1342529145.624181, 50
1342529176.769974, 50
1342529208.358532, 50
1342529239.388919, 50
1342529272.906663, 50
1342529317.652473, 50
1342529348.55913, 50
1342529379.970138, 50
