new stimulus
new stimulus
1342706406.610335, 50
1342706913.725355, 50
1342706942.659825, 50
1342706973.593946, 50
1342707004.193498, 50
1342707037.507337, 50
1342707066.082547, 50
1342707097.59842, 50
1342707129.635291, 50
1342707160.121377, 50
1342707206.78167, 50
1342707238.629617, 50
new stimulus
1342741205.868122, 50
1342741714.886529, 50
1342741745.612584, 50
1342741776.524789, 50
new stimulus
1342767251.568816, 55
1342767752.521481, 55
1342767781.419608, 55
1342767811.810261, 55
1342767843.530594, 55
1342767874.374276, 55
1342767906.189765, 55
1342767936.484153, 55
1342767968.286602, 55
new stimulus
1342806084.795435, 50
1342806594.175044, 50
1342806625.132468, 50
new stimulus
1342841784.013496, 55
1342842286.553841, 55
1342842317.45051, 55
1342842348.204586, 55
1342842379.386444, 55
1342842410.776368, 55
new stimulus
1342872958.596004, 55
1342873470.975091, 55
1342873501.308595, 55
new stimulus
1342909130.313863, 55
1342909631.146404, 55
1342909662.751607, 55
1342909692.705877, 55
1342909724.071665, 55
1342909754.766095, 55
1342909786.045051, 55
new stimulus
new stimulus
1342993068.979933, 55
1342993573.915255, 55
1342993604.742292, 55
new stimulus
1343017604.720376, 50
1343018112.460981, 50
1343018143.093822, 50
new stimulus
1343059782.937934, 50
1343060278.972476, 50
1343060309.680777, 50
1343060340.731415, 50
1343060372.396541, 50
1343060403.045751, 50
1343060434.171015, 50
1343060465.277415, 50
new stimulus
new stimulus
1343124591.752602, 55
1343125096.515091, 55
1343125127.380412, 55
1343125158.502625, 55
1343125189.384313, 55
1343125220.216066, 55
1343125251.947496, 55
1343125282.88245, 55
1343125313.884817, 55
1343125345.069449, 55
new stimulus
1343162086.443594, 55
1343162583.085411, 55
1343162613.425296, 55
1343162645.048254, 55
1343162675.873627, 55
1343162707.23886, 55
1343162738.111672, 55
1343162769.51519, 55
1343162801.332065, 55
1343162832.067553, 55
1343162878.878208, 55
1343162909.649761, 55
new stimulus
1343194091.158921, 55
1343194593.80857, 55
1343194624.986545, 55
1343194656.251075, 55
1343194686.675296, 55
1343194717.766715, 55
1343194749.007387, 55
1343194780.196458, 55
1343194811.288987, 55
new stimulus
1343230683.545153, 50
1343231191.131789, 50
1343231222.134156, 50
1343231252.998645, 50
1343231286.119677, 50
1343231315.698041, 50
1343231346.872687, 50
1343231378.391057, 50
