new stimulus
new stimulus
new stimulus
549730801.317635, 55
549731311.070903, 55
549731340.887767, 55
549731372.630205, 55
549731403.019665, 55
549731435.881494, 55
549731468.04367, 55
549731496.463445, 55
549731531.824554, 55
549731556.904465, 55
549731607.046255, 55
549731636.597073, 55
549731667.640412, 55
549731699.176727, 55
549731730.35406, 55
549731761.077534, 55
549731792.659068, 55
549731824.028654, 55
549731871.04558, 55
549731901.607872, 55
549731933.230188, 55
549731964.23774, 55
549731995.333234, 55
549732026.79742, 55
new stimulus
549768863.982735, 55
549769374.005378, 55
549769404.373476, 55
549769435.075311, 55
549769466.045966, 55
549769497.671333, 55
549769528.310193, 55
549769559.458675, 55
549769590.924248, 55
549769621.81667, 55
549769669.344605, 55
549769700.182098, 55
549769731.650723, 55
549769762.226331, 55
549769794.229268, 55
549769826.030242, 55
549769856.048513, 55
549769887.498827, 55
549769934.058288, 55
549769965.30997, 55
549769996.396032, 55
549770027.946495, 55
549770058.937124, 55
549770089.852018, 55
549770121.25961, 55
new stimulus
549802469.287068, 55
549802975.487413, 55
549803005.903505, 55
549803037.174606, 55
549803068.633244, 55
549803099.207742, 55
549803130.515463, 55
549803161.46975, 55
549803192.886497, 55
549803224.009179, 55
549803271.021389, 55
549803303.141397, 55
549803333.117777, 55
549803364.485976, 55
549803395.768729, 55
549803426.71719, 55
549803458.165563, 55
549803489.351774, 55
549803535.890427, 55
549803567.074973, 55
549803598.447611, 55
549803629.731196, 55
549803660.929336, 55
549803692.307244, 55
549803723.221305, 55
549803754.345373, 55
549803785.544623, 55
549803832.581246, 55
549803863.560779, 55
549803895.647496, 55
549803926.222827, 55
549803957.335799, 55
549803989.427509, 55
549804019.627491, 55
549804051.215406, 55
549804081.821253, 55
549804128.729986, 55
549804159.848228, 55
549804192.135521, 55
549804222.490302, 55
549804253.447641, 55
549804284.602226, 55
549804315.861121, 55
new stimulus
549838231.092553, 55
549838730.052504, 55
549838760.606474, 55
549838791.654806, 55
549838822.850172, 55
549838853.75702, 55
549838885.187361, 55
549838916.942561, 55
549838947.510956, 55
549838979.869823, 55
549839025.688293, 55
549839057.531158, 55
549839088.037411, 55
549839120.003173, 55
549839150.972719, 55
549839181.689811, 55
549839212.789744, 55
549839244.721938, 55
549839291.639548, 55
549839323.894382, 55
549839351.443057, 55
549839384.553178, 55
549839415.303006, 55
549839446.633198, 55
549839477.721757, 55
549839509.077749, 55
new stimulus
549872288.28942, 55
549872801.69243, 55
549872832.886131, 55
549872861.749779, 55
549872892.868854, 55
549872923.734089, 55
549872955.464598, 55
549872987.01312, 55
549873017.997923, 55
549873048.59517, 55
549873095.386277, 55
549873126.792204, 55
549873157.73484, 55
549873189.068361, 55
549873220.132784, 55
549873251.398892, 55
549873282.679425, 55
549873314.325599, 55
549873360.723323, 55
549873392.036315, 55
549873422.993099, 55
549873454.239232, 55
549873485.572753, 55
549873516.978958, 55
549873547.941013, 55
549873578.989069, 55
549873610.331189, 55
549873657.130064, 55
549873688.287145, 55
549873719.589872, 55
549873750.963619, 55
549873782.159262, 55
549873814.672097, 55
549873845.226067, 55
549873877.051454, 55
549873906.587013, 55
new stimulus
549908351.149546, 50
549908851.297966, 50
549908881.881342, 50
549908912.809275, 50
549908944.159441, 50
549908975.123993, 50
549909006.344881, 50
549909037.330516, 50
549909068.600786, 50
549909099.872164, 50
549909146.61278, 50
549909177.735739, 50
549909209.230441, 50
549909240.353122, 50
549909271.571791, 50
549909302.782137, 50
549909333.843786, 50
549909365.15761, 50
549909412.321847, 50
549909443.175986, 50
549909474.237357, 50
549909505.552846, 50
549909536.742108, 50
549909567.83788, 50
549909599.124516, 50
549909630.564012, 50
549909661.398453, 50
549909708.177353, 50
549909739.708675, 50
549909770.97395, 50
549909801.985941, 50
549909833.029835, 50
549909864.332007, 50
549909895.482986, 50
549909926.624254, 50
549909957.873439, 50
new stimulus
new stimulus
549978623.558038, 55
549979128.533572, 55
549979159.181032, 55
549979190.362527, 55
549979221.581196, 55
549979252.429231, 55
549979283.466467, 55
549979314.761149, 55
549979345.799495, 55
549979377.362165, 55
549979423.959909, 55
549979455.0923, 55
549979486.162549, 55
549979517.588173, 55
549979548.653984, 55
549979579.907885, 55
549979611.04305, 55
549979642.460352, 55
549979689.409033, 55
549979720.266778, 55
549979751.444111, 55
549979782.69718, 55
549979813.837894, 55
549979845.095402, 55
549979876.353464, 55
549979907.567139, 55
549979938.639608, 55
549979985.493134, 55
549980016.835532, 55
549980047.937684, 55
549980079.11474, 55
549980110.204686, 55
549980141.4056, 55
549980173.113916, 55
549980204.140609, 55
549980235.348182, 55
549980282.546818, 55
549980313.193724, 55
549980344.631832, 55
549980375.93123, 55
549980406.801459, 55
549980437.880308, 55
549980469.330346, 55
549982144.506882, 50
new stimulus
550014467.535436, 55
550014976.91696, 55
550015007.569692, 55
550015038.619966, 55
550015069.631957, 55
550015100.715522, 55
550015131.936133, 55
550015163.115131, 55
550015195.163841, 55
550015225.564675, 55
550015272.680363, 55
550015303.633818, 55
550015334.706286, 55
550015366.124975, 55
550015397.215198, 55
550015428.289609, 55
550015459.574858, 55
550015491.362794, 55
550015537.760518, 55
550015568.738386, 55
550015599.964545, 55
550015631.255066, 55
550015662.446548, 55
550015693.708217, 55
550015724.90386, 55
550015755.931386, 55
550015787.114545, 55
550015833.868754, 55
550015865.168985, 55
550015896.326344, 55
550015927.497574, 55
550016164.972183, 55
550016676.8172, 55
550016707.668287, 55
new stimulus
550042972.810307, 55
550043477.925938, 55
550043508.405282, 55
550043539.577344, 55
550043570.778258, 55
550043601.974733, 55
550043632.838304, 55
550043664.217322, 55
550043695.196022, 55
550043726.349775, 55
550043773.141436, 55
550043804.708545, 55
550043835.747445, 55
550043866.836558, 55
550043898.054118, 55
550043934.617845, 55
550043960.725875, 55
550043990.638727, 55
550044038.561153, 55
550044069.797022, 55
550044100.849239, 55
550044131.993836, 55
550044163.126505, 55
550044194.342677, 55
550044225.719475, 55
550044256.924273, 55
550044287.962064, 55
550044334.878564, 55
550044366.563854, 55
550044398.091292, 55
550044428.448848, 55
550044459.617859, 55
550044491.79335, 55
550044522.648598, 55
550044553.431717, 55
550044584.340785, 55
550044631.166014, 55
550044662.492599, 55
550044693.500429, 55
550044724.861137, 55
550044756.105051, 55
550044787.624166, 55
550044818.316014, 55
550044849.532463, 55
550044896.345208, 55
550044927.530864, 55
550044959.102412, 55
550044990.217325, 55
550045021.211006, 55
550045052.72485, 55
550045083.55735, 55
550045114.867845, 55
550045146.067094, 55
new stimulus
550073873.202801, 55
550074381.08043, 55
550074411.688774, 55
550074442.701042, 55
550074473.804026, 55
550074505.010766, 55
550074536.023034, 55
550074567.189548, 55
550074598.551643, 55
550074629.664337, 55
550074676.454889, 55
550074707.762887, 55
550074739.061176, 55
550074770.06956, 55
550074801.239958, 55
550074832.52493, 55
550074863.629856, 55
550074895.222488, 55
550074941.679303, 55
550074973.055546, 55
550075004.01344, 55
550075035.470968, 55
550075065.103902, 55
550075097.75184, 55
550075128.824586, 55
550075160.52985, 55
550075191.313801, 55
550075238.157895, 55
550075269.201234, 55
550075300.670691, 55
550075331.755088, 55
550075362.883596, 55
550075394.322536, 55
550075425.258514, 55
550075456.414208, 55
new stimulus
550113601.713958, 55
550114113.940151, 55
550114144.50494, 55
550114175.701693, 55
550114206.728664, 55
550114237.92181, 55
550114268.835594, 55
550114300.100315, 55
550114331.231874, 55
550114362.573994, 55
550114409.579824, 55
550114440.389575, 55
550114471.665948, 55
550114502.800836, 55
550114534.231731, 55
550114565.394638, 55
550114596.584178, 55
550114628.09608, 55
550114674.488811, 55
550114705.636738, 55
550114736.949452, 55
550114767.939249, 55
550114799.379022, 55
550114830.387129, 55
550114861.595255, 55
550114892.955131, 55
550114924.055619, 55
550114970.921074, 55
new stimulus
550154342.773671, 55
550154845.21275, 55
550154875.534797, 55
550154906.680504, 55
550154937.869211, 55
550154968.809628, 55
550155000.102645, 55
550155031.26472, 55
550155062.528054, 55
550155093.589703, 55
550155140.554197, 55
550155171.632768, 55
550155202.739637, 55
550155234.054848, 55
550155265.481582, 55
550155296.621741, 55
550155327.742758, 55
550155359.073227, 55
550155406.116231, 55
550155436.884369, 55
550155468.083896, 55
550155499.436836, 55
550155530.825564, 55
550155562.001232, 55
550155592.899203, 55
550155624.045188, 55
550155655.256644, 55
550155701.963137, 55
550155733.218703, 55
550155764.3805, 55
550155795.839138, 55
550155826.886638, 55
550155858.049268, 55
550155889.278479, 55
550155920.476341, 55
550155951.551861, 55
550156000.229149, 55
550156260.622009, 55
new stimulus
new stimulus
550218026.410696, 55
550218523.616518, 55
550218554.253159, 55
550218585.464337, 55
550218616.538748, 55
550218647.865888, 55
550218678.738336, 55
550218710.026083, 55
550218741.190377, 55
550218772.656782, 55
550218819.002351, 55
550218850.317285, 55
550218881.537619, 55
550218912.941049, 55
550218943.785478, 55
550218975.07156, 55
550219006.14708, 55
550219037.414852, 55
550219084.224546, 55
550219115.35666, 55
550219146.522618, 55
550219177.691352, 55
550219208.987421, 55
550219240.047405, 55
550219271.526849, 55
550219302.805441, 55
550219334.284607, 55
550219381.416663, 55
550219409.953232, 55
550219441.514238, 55
550219474.34139, 55
550219505.351161, 55
550219536.584811, 55
550219567.790995, 55
550219598.93698, 55
550219630.367598, 55
550219677.060498, 55
550219708.060282, 55
550219739.320841, 55
550219770.494291, 55
550219802.480581, 55
550220102.447735, 55
