new stimulus
new stimulus
547658811.714518, 55
547660197.022003, 55
547660707.029943, 55
547660737.256279, 55
547662524.317837, 55
new stimulus
547691752.99822, 50
547692264.874864, 50
new stimulus
new stimulus
new stimulus
547792305.718909, 50
547792805.504741, 50
547792836.463467, 50
547792868.053324, 50
547792898.494939, 50
547792929.889492, 50
new stimulus
547830315.16535, 50
547830822.580797, 50
547830853.095928, 50
547830884.246074, 50
547830915.243638, 50
547830946.27061, 50
547830977.380807, 50
547831008.679373, 50
547831039.927726, 50
547831071.230453, 50
new stimulus
547865514.726582, 55
547866017.56598, 55
547866046.38302, 55
547866077.276275, 55
547866108.278556, 55
547866139.349915, 55
547866170.478699, 55
547866202.028053, 55
547866232.913263, 55
547866264.042602, 55
547866311.480931, 55
547866342.701541, 55
new stimulus
new stimulus
547938505.318148, 55
new stimulus
547970236.976639, 55
547970737.192195, 55
547970768.176998, 55
547970800.467342, 55
547970830.298354, 55
547970861.146667, 55
547970892.443568, 55
547970923.41783, 55
547970954.753292, 55
new stimulus
548004887.581499, 55
548005384.353158, 55
548005415.485549, 55
548005446.605179, 55
548005477.446833, 55
548005508.286546, 55
548005539.531847, 55
548005583.58204, 55
548005602.105676, 55
548005633.124602, 55
548005680.463059, 55
548005711.208448, 55
548005742.237916, 55
548005773.479888, 55
548005805.165456, 55
548005835.809864, 55
548005867.138947, 55
new stimulus
548042917.833635, 55
548043416.974187, 55
548043447.45353, 55
548043479.38406, 55
548043509.732461, 55
548043540.721148, 55
548043572.072424, 55
548043603.007014, 55
548043634.302251, 55
548043665.421604, 55
548043712.333665, 55
548043743.424998, 55
548043774.60788, 55
548043805.928362, 55
548043836.978359, 55
new stimulus
new stimulus
548107058.716298, 55
548107564.285789, 55
548107594.612274, 55
548107625.733291, 55
548107656.368267, 55
548107689.872325, 55
548107718.615017, 55
548107749.597324, 55
548107780.884238, 55
548107811.971132, 55
548107859.125937, 55
548107890.017527, 55
new stimulus
new stimulus
548174602.198334, 55
548175109.244811, 55
548175139.143792, 55
548175170.748352, 55
548175201.167495, 55
548175232.298777, 55
548175264.308649, 55
548175294.677856, 55
548175325.904015, 55
548175357.509131, 55
548175404.011443, 55
548175435.076143, 55
548175466.319225, 55
548175497.553152, 55
548175528.725491, 55
548175559.952206, 55
548175591.849999, 55
548175622.553221, 55
548175669.50856, 55
