new stimulus
new stimulus
549013879.324359, 55
549014374.893956, 55
549014405.435164, 55
549014436.152534, 55
549014466.689859, 55
549014497.899927, 55
549014528.804834, 55
549014560.456833, 55
549014592.948584, 55
549014624.871623, 55
549014669.106578, 55
549014700.771339, 55
549014731.358044, 55
549014762.53732, 55
549014795.921809, 55
549014824.344636, 55
549014856.438288, 55
549014887.52546, 55
new stimulus
549055140.687636, 50
549055651.503701, 50
549055681.696469, 50
549055712.453511, 50
549055744.128259, 50
549055775.638774, 50
549055806.041827, 50
549055836.805249, 50
549055867.978143, 50
549055899.749434, 50
549055947.043226, 50
549055977.525343, 50
549056008.343417, 50
549056039.580673, 50
549056071.375544, 50
549056101.891784, 50
549056133.04415, 50
549056164.468665, 50
549056211.372404, 50
549056242.698434, 50
549056273.753702, 50
549056305.486154, 50
549056336.105595, 50
549056367.633587, 50
549056399.139941, 50
549056431.014154, 50
549056460.739746, 50
549056507.521421, 50
549056538.69376, 50
new stimulus
new stimulus
549115773.724851, 55
549116271.347081, 55
549116302.614853, 55
549116333.286726, 55
549116364.136703, 55
549116395.415018, 55
549116426.324363, 55
549116457.539148, 55
549116488.994179, 55
549116520.172067, 55
549116567.06138, 55
549116598.024267, 55
549116629.490118, 55
549116661.505815, 55
549116691.592609, 55
549116722.867871, 55
549116753.933127, 55
549116785.831476, 55
549116832.656982, 55
549116863.260887, 55
549116894.358601, 55
549116925.562289, 55
549116956.858636, 55
549116988.16275, 55
549117019.394457, 55
549117050.951579, 55
549117081.745795, 55
549117128.388204, 55
549117976.357681, 55
549118486.372556, 55
549118516.982287, 55
549118548.099975, 55
new stimulus
549151399.514736, 55
549151902.088919, 55
549151932.101364, 55
549151961.291258, 55
549151990.969134, 55
549152022.298216, 55
549152053.671686, 55
549152087.574674, 55
549152118.740356, 55
549152150.14767, 55
549152196.916028, 55
549152227.923025, 55
549152259.060133, 55
549152290.335118, 55
549152321.582916, 55
549152352.821559, 55
549152385.251445, 55
549152415.473065, 55
549152462.058048, 55
549152493.135233, 55
549152525.028588, 55
549152556.026153, 55
549152586.847833, 55
549152619.370377, 55
549152649.540397, 55
549152681.102235, 55
549152712.117, 55
549152759.003539, 55
549152789.552237, 55
549152820.72319, 55
549152853.236302, 55
549152883.726465, 55
549152914.346184, 55
549152947.479053, 55
549152976.908915, 55
549153007.929783, 55
549153054.727825, 55
549153086.080211, 55
549153117.104685, 55
549153148.315586, 55
549153179.578642, 55
549153210.65333, 55
549153241.905567, 55
549153274.874203, 55
new stimulus
549187220.965877, 55
549187720.318933, 55
549187749.805112, 55
549187780.397643, 55
549187811.389382, 55
549187842.380289, 55
549187873.428621, 55
549187904.956891, 55
549187935.85292, 55
549187967.180338, 55
549188014.364826, 55
549188045.23561, 55
549188076.514201, 55
549188108.12764, 55
549188138.806448, 55
549188170.007085, 55
549188201.176928, 55
549188232.579804, 55
549188279.694937, 55
549188310.413972, 55
549188341.549969, 55
549188372.742283, 55
new stimulus
549222960.839063, 55
549223457.920323, 55
549223488.399112, 55
549223520.948289, 55
549223551.452323, 55
549223582.905689, 55
549223612.687598, 55
549223643.862157, 55
549223675.234517, 55
549223706.409631, 55
549223753.097537, 55
549223784.257947, 55
549223815.479668, 55
549223846.875885, 55
549223877.854586, 55
549223909.207249, 55
549223940.524679, 55
549223971.711722, 55
549224018.796894, 55
549224049.656026, 55
549224080.859159, 55
549224112.131093, 55
549224143.2252, 55
549224174.374514, 55
549224205.59457, 55
549224236.786884, 55
549224268.02192, 55
549224314.947853, 55
549224346.525504, 55
549224785.725224, 55
new stimulus
new stimulus
549298883.642684, 55
549299382.636481, 55
549299413.10556, 55
549299443.887014, 55
549299475.243838, 55
549299505.994499, 55
549299537.311374, 55
549299568.330023, 55
549299599.528718, 55
549299630.759871, 55
549299677.516299, 55
549299708.904749, 55
549299739.96085, 55
549299771.088248, 55
549299802.497227, 55
549299835.357114, 55
549299864.925132, 55
549299896.056414, 55
549299942.771229, 55
549299974.20268, 55
549300005.070689, 55
549300036.329306, 55
549300067.546866, 55
549300098.732244, 55
549300129.931771, 55
549300161.076368, 55
549300192.389915, 55
549300239.089195, 55
549300270.312303, 55
549300301.600327, 55
549300332.573478, 55
549300363.994109, 55
549300395.432218, 55
new stimulus
549327036.400326, 55
549327539.807048, 55
549327570.453954, 55
549327601.459009, 55
549327632.552838, 55
549327663.702152, 55
549327694.837872, 55
549327725.965825, 55
549327757.57843, 55
549327788.572944, 55
549327835.218959, 55
549327866.40295, 55
549327897.67849, 55
549327929.114379, 55
549327960.043144, 55
549327992.608134, 55
549328022.573417, 55
549328053.828428, 55
549328100.881697, 55
549328131.731397, 55
549328162.850472, 55
549328194.119908, 55
549328225.12857, 55
549328256.399116, 55
549328288.00118, 55
549328318.865306, 55
549328350.048742, 55
549328397.110888, 55
549328428.138415, 55
549328459.183418, 55
549328490.477268, 55
549328521.645446, 55
549328552.782831, 55
549328584.041171, 55
new stimulus
549362080.77094, 55
549362592.851764, 55
549362623.224579, 55
549362654.302318, 55
549362685.388935, 55
549362716.382893, 55
549362747.835982, 55
549362779.104864, 55
549362810.292739, 55
549362841.272549, 55
549362888.119694, 55
549362919.159704, 55
549362950.48629, 55
549362981.736862, 55
549363012.993815, 55
549363044.072941, 55
549363075.31741, 55
549363106.991881, 55
549363153.394876, 55
549363185.165334, 55
549363215.983408, 55
549365609.477012, 55
new stimulus
549394432.128274, 55
549394931.034406, 55
549394961.719318, 55
549394992.867799, 55
549395024.112268, 55
549395054.885955, 55
549395086.187572, 55
549395117.369067, 55
549395148.768614, 55
549395180.17149, 55
549395226.611382, 55
549395257.965154, 55
549395289.055378, 55
549395320.451595, 55
549395351.506031, 55
549395383.67542, 55
549395413.94753, 55
549395451.567674, 55
549396526.888691, 55
new stimulus
549430826.680792, 55
549431325.619937, 55
549431356.215797, 55
549431387.48246, 55
549431418.54938, 55
549431449.410454, 55
549431480.995317, 55
549431512.095528, 55
549431543.964192, 55
549431574.190528, 55
549431621.255726, 55
549431653.369076, 55
549431683.959387, 55
549431714.579383, 55
549431745.5972, 55
549431776.873572, 55
549431808.037034, 55
549432324.219796, 55
new stimulus
549477500.458853, 50
549478000.361478, 50
549478030.818906, 50
549478061.881942, 50
549478092.956629, 50
549478124.052956, 50
549478155.339593, 50
549478186.521364, 50
549478217.610755, 50
549478248.959534, 50
549478295.815557, 50
549478326.941845, 50
549478358.271482, 50
549478389.488209, 50
549478420.434728, 50
549478451.638694, 50
549478482.986086, 50
549478514.354839, 50
549478561.155655, 50
549478592.107446, 50
549478623.374108, 50
549478654.488189, 50
549478685.699923, 50
549478716.825933, 50
549478748.082886, 50
549478779.219716, 50
549478810.642289, 50
549478857.22644, 50
549478888.464528, 50
549478919.713435, 50
549478951.003679, 50
549478982.133018, 50
549479013.351964, 50
549479044.768711, 50
549479544.81615, 50
new stimulus
549501108.698571, 55
549501756.626324, 55
549502356.690463, 55
new stimulus
