new stimulus
new stimulus
548332142.760798, 50
548332644.597044, 50
548332673.253735, 50
548332705.065529, 50
548332735.304904, 50
548332767.954784, 50
548332796.772103, 50
548332828.113114, 50
548332859.928514, 50
548332890.496632, 50
548332936.886588, 50
548332966.747007, 50
548333002.695971, 50
548333030.347291, 50
548333062.549692, 50
548333092.990475, 50
548333124.24604, 50
548333155.097127, 50
548333202.121267, 50
548333233.450626, 50
548333264.401862, 50
548333295.409969, 50
548333326.510734, 50
548333357.708596, 50
548333389.904894, 50
548333420.391451, 50
548333451.517184, 50
548333498.178735, 50
548342342.510399, 50
548342843.93412, 50
548342873.957662, 50
548342905.852127, 50
548342934.114327, 50
548342965.814597, 50
new stimulus
548380184.014039, 55
548380689.059761, 55
548380719.919448, 55
548380750.374378, 55
548380781.593325, 55
548380812.943491, 55
new stimulus
new stimulus
548448734.129474, 55
548449234.458217, 55
548449265.025503, 55
548449296.271914, 55
548449327.852061, 55
548449358.127778, 55
548449389.519835, 55
548449420.654445, 55
548449451.561294, 55
548449483.390287, 55
548449529.670663, 55
548449561.624773, 55
548449592.123813, 55
548449623.315018, 55
548449654.54839, 55
548449685.639723, 55
548449716.766843, 55
new stimulus
548482696.515988, 50
548483194.965208, 50
548483225.911173, 50
548483257.835599, 50
548483288.202865, 50
548483318.966009, 50
548483350.264853, 50
548483381.547883, 50
548483413.180186, 50
548483443.842072, 50
548483490.730553, 50
548483521.782769, 50
548483552.921541, 50
548483584.125784, 50
548483615.339737, 50
548483646.854136, 50
548483677.747391, 50
548483709.043182, 50
548483756.175516, 50
548483787.405004, 50
548483818.248878, 50
548483849.350475, 50
548483880.771661, 50
548483911.980343, 50
548483942.835868, 50
548483973.99295, 50
548484005.416355, 50
548484052.559508, 50
548484083.227774, 50
548484114.345185, 50
548484145.760267, 50
548484176.991975, 50
548484208.16154, 50
548484239.30586, 50
548484270.484303, 50
548484301.686604, 50
548484348.640279, 50
548484379.613708, 50
548484410.966926, 50
new stimulus
new stimulus
548549170.820759, 55
548549681.506714, 55
548549712.948429, 55
548549743.55705, 55
548549774.944945, 55
548549805.363534, 55
548549836.683739, 55
548549868.065253, 55
548549899.063373, 55
548549932.074732, 55
548549977.595808, 55
548550008.552592, 55
548550039.330717, 55
548550070.410399, 55
548550101.630177, 55
548550132.771168, 55
548550164.187638, 55
548550195.947831, 55
548550242.288684, 55
548550273.24741, 55
548550304.414756, 55
548550335.625935, 55
548550367.030198, 55
548550399.682575, 55
548550431.62226, 55
548550461.041302, 55
548550492.985148, 55
new stimulus
new stimulus
548614213.961845, 50
548614718.54594, 50
548614747.723627, 50
548614778.764192, 50
548614809.907957, 50
548614840.967387, 50
548614872.18772, 50
548614903.27184, 50
548614934.697742, 50
548614965.876185, 50
548615012.546336, 50
548615043.869592, 50
548615074.983951, 50
548615106.106632, 50
548615137.292288, 50
548615168.419686, 50
548615199.94213, 50
548615230.864514, 50
548615277.781014, 50
548615308.883998, 50
548615340.183397, 50
548615371.427033, 50
548615402.789406, 50
548615433.841068, 50
548615465.079711, 50
548615496.212934, 50
548615527.32008, 50
548615574.07318, 50
548615605.271597, 50
548615636.62426, 50
548615667.680915, 50
548615698.947855, 50
548615730.110762, 50
548615761.847652, 50
548615792.716494, 50
548615823.71184, 50
548615870.793405, 50
548615901.876693, 50
548615933.088981, 50
548615964.213327, 50
548615995.565712, 50
new stimulus
548644219.498046, 55
548644731.094495, 55
548644762.524836, 55
548644792.917624, 55
548644823.900208, 55
548644855.085587, 55
548644886.07039, 55
548644917.514879, 55
548644948.92691, 55
548644979.990778, 55
548645026.723626, 55
548645057.821895, 55
548645090.015141, 55
548645120.189045, 55
548645151.521179, 55
548645182.68797, 55
548645213.927445, 55
548645245.477909, 55
548645291.954698, 55
548645324.90558, 55
548645354.23668, 55
548645385.666466, 55
new stimulus
548683619.111267, 55
548684120.627092, 55
548684151.485669, 55
548684182.36422, 55
548684213.633102, 55
548684244.64648, 55
548684275.705077, 55
548684306.986998, 55
548684338.136867, 55
548684369.333064, 55
548684416.330294, 55
548684447.458801, 55
548684478.498811, 55
548684509.870894, 55
548684540.898697, 55
548684572.289367, 55
548684603.435629, 55
548684634.890105, 55
548684681.720328, 55
548684712.632724, 55
548684743.72156, 55
548684775.247334, 55
548684806.115066, 55
548684837.571761, 55
548684868.618984, 55
548684899.825447, 55
new stimulus
548719024.887658, 55
548719532.333066, 55
548719564.134872, 55
548719594.202524, 55
548719625.21396, 55
548719656.313615, 55
548719687.45211, 55
548719718.698798, 55
548719749.81177, 55
548719781.012129, 55
548719827.849287, 55
548719859.082659, 55
548719890.637007, 55
548719921.454803, 55
548719952.638794, 55
548719983.918496, 55
548720015.137442, 55
548720046.553912, 55
548720093.166914, 55
548720124.421647, 55
548720155.515477, 55
548720186.548829, 55
548720217.968905, 55
548720434.852542, 55
548720935.950017, 55
548720966.62522, 55
548720998.140728, 55
548721028.98266, 55
548721060.320897, 55
548721091.656083, 55
548721122.635615, 55
548721153.910323, 55
548721184.974469, 55
548721232.538746, 55
548721263.073296, 55
548721294.160745, 55
548721325.421027, 55
548721356.543153, 55
548721388.171572, 55
548721418.990478, 55
new stimulus
548761390.16345, 50
new stimulus
548788710.38451, 55
548789216.713023, 55
548789247.312212, 55
548789278.494539, 55
548789309.749273, 55
548789340.687469, 55
548789371.925003, 55
548789403.8891, 55
548789434.211146, 55
548789465.699468, 55
548789512.205941, 55
548789543.456513, 55
548789574.604994, 55
548789605.872767, 55
548789636.913887, 55
548789668.536479, 55
548789699.7066, 55
548789730.732461, 55
548789777.557968, 55
548789808.872902, 55
new stimulus
548831948.471386, 55
548832459.842292, 55
548832490.340777, 55
548832521.299781, 55
548832552.3237, 55
548832583.428904, 55
548832614.605405, 55
548832645.861803, 55
548832677.01944, 55
548832708.323831, 55
548832755.127144, 55
548832786.134141, 55
548832817.384713, 55
548832848.668853, 55
548832879.883638, 55
548832911.004378, 55
548832942.395602, 55
548832974.359145, 55
548833022.352868, 55
548833052.125622, 55
548833082.742566, 55
548833113.719047, 55
new stimulus
548852911.297888, 55
548853410.014819, 55
548853440.78379, 55
548853471.811593, 55
548853502.898487, 55
548853533.995369, 55
548856315.818398, 55
