new stimulus
new stimulus
364812172.425004, 55
364812674.687651, 55
364812704.921839, 55
364812735.936967, 55
new stimulus
364842559.314026, 50
364843062.90441, 50
364843094.716292, 50
364843123.104242, 50
new stimulus
364880802.736371, 55
364881313.014269, 55
364881344.170327, 55
364881374.541284, 55
364881405.280933, 55
364881436.710806, 55
364881467.996975, 55
new stimulus
364914232.494726, 55
364914743.606275, 55
364914773.961695, 55
364914804.850875, 55
364914835.730067, 55
364914866.887234, 55
364914898.587038, 55
new stimulus
364956699.883039, 55
364957205.88449, 55
364957236.748979, 55
364957267.696971, 55
new stimulus
364982573.287729, 55
364983086.667473, 55
new stimulus
365017805.408491, 55
365018310.282503, 55
365018341.016049, 55
365018372.154075, 55
365018403.37394, 55
new stimulus
new stimulus
365084587.4068, 55
365085093.435993, 55
365085124.425599, 55
365085155.156371, 55
365085186.406475, 55
365085217.599985, 55
365085248.68752, 55
365085280.334059, 55
365085311.01545, 55
new stimulus
365118778.126896, 55
365119288.462221, 55
365119319.158592, 55
365119350.180656, 55
365119381.250436, 55
365119412.7222, 55
365119443.675463, 55
365119475.401622, 55
365119506.01227, 55
365119537.130599, 55
365119584.209244, 55
365119615.280689, 55
365119646.669503, 55
new stimulus
365169384.95817, 55
365169894.555554, 55
365169925.493837, 55
365169956.486772, 55
365169987.512442, 55
365170018.447673, 55
365170049.608725, 55
365170081.012243, 55
365170111.947474, 55
365170143.290514, 55
365170190.121976, 55
365170221.265828, 55
365170252.601378, 55
365170284.088677, 55
365170314.782551, 55
new stimulus
365192665.288068, 55
365193170.262229, 55
365193200.166841, 55
365193231.022452, 55
365193262.37964, 55
new stimulus
365222205.896142, 55
365222716.042265, 55
365222746.5081, 55
365222777.61228, 55
365222808.946998, 55
365222839.769873, 55
new stimulus
365259759.846508, 55
365260266.920747, 55
365260295.757287, 55
new stimulus
365297876.315114, 55
365298374.79124, 55
365298405.402721, 55
365298436.851736, 55
365298467.760889, 55
365298499.008496, 55
365298530.035276, 55
365298561.876565, 55
365298594.960145, 55
365298625.569129, 55
new stimulus
365331612.431574, 55
365332117.881234, 55
365332148.279656, 55
365332179.569153, 55
365332210.551269, 55
365332241.687075, 55
365332272.519106, 55
365332303.82192, 55
365332335.557233, 55
365332366.255824, 55
365332413.151925, 55
365332444.482204, 55
